245.292
230.293
240.292
247.291
257.286
245.290
270.282
271.283
261.283
264.286
243.291
249.289
260.285
253.289
267.282
251.289
235.293
268.284
238.292
256.288
232.293
253.287
265.285
262.283
251.288
242.293
265.286
266.283
260.286
258.287
250.290
228.294
248.289
266.286
262.285
246.288
247.288
239.294
239.292
275.282
234.292
266.282
239.291
261.284
248.288
267.285
242.291
241.290
255.289
267.284
257.287
255.286
235.292
272.284
248.291
256.287
252.287
267.283
234.294
252.286
254.285
244.289
259.286
242.289
244.291
242.292
236.292
262.286
240.293
251.287
246.291
241.293
238.293
247.290
245.291
247.289
278.282
236.294
264.284
237.294
254.287
231.293
257.285
249.291
235.295
271.284
233.293
256.285
269.282
234.295
235.294
246.292
228.295
258.285
260.284
262.282
230.295
240.294
256.289
264.283
255.285
261.287
252.288
268.283
259.283
258.288
268.282
234.293
272.283
237.291
260.287
224.295
248.287
231.295
270.283
259.285
259.288
236.295
226.295
245.289
237.295
243.289
230.294
261.286
269.285
236.291
238.294
258.284
227.295
263.282
265.282
240.291
271.282
241.292
273.283
232.294
263.285
259.284
254.288
260.283
233.294
251.290
249.290
243.293
263.284
231.294
250.288
240.290
239.290
274.282
238.291
247.292
243.290
254.289
262.284
244.292
248.290
252.290
263.286
232.295
225.295
243.292
259.287
261.285
257.288
237.293
276.282
264.282
255.287
265.284
263.283
244.290
255.288
246.290
272.282
229.294
275.283
266.284
266.285
250.287
264.285
258.286
265.283
227.294
233.295
269.284
274.283
233.292
242.290
268.285
254.286
252.289
250.289
273.282
250.291
249.287
229.295
262.287
256.286
270.284
269.283
257.284
236.293
253.288
239.293
241.291
246.289
249.288
253.290
251.286
245.288
237.292
