000.239
000.240
000.241
000.242
000.243
000.244
000.245
000.246
000.247
000.248
000.249
000.250
000.251
000.252
001.239
001.240
001.241
001.242
001.243
001.244
001.245
001.246
001.247
001.248
001.249
001.250
001.251
001.252
002.239
002.240
002.241
002.242
002.243
002.244
002.245
002.246
002.247
002.248
002.249
002.250
002.251
002.252
003.239
003.240
003.241
003.242
003.243
003.244
003.245
003.246
003.247
003.248
003.249
003.250
003.251
003.252
004.239
004.240
004.241
004.242
004.243
004.244
004.245
004.246
004.247
004.248
004.249
004.250
004.251
004.252
005.239
005.240
005.241
005.242
005.243
005.244
005.245
005.246
005.247
005.248
005.249
005.250
005.251
005.252
006.239
006.240
006.241
006.242
006.243
006.244
006.245
006.246
006.247
006.248
006.249
006.250
006.251
006.252
007.239
007.240
007.241
007.242
007.243
007.244
007.245
007.246
007.247
007.248
007.249
007.250
007.251
007.252
008.239
008.240
008.241
008.242
008.243
008.244
008.245
008.246
008.247
008.248
008.249
008.250
008.251
008.252
009.239
009.240
009.241
009.242
009.243
009.244
009.245
009.246
009.247
009.248
009.249
009.250
009.251
009.252
010.239
010.240
010.241
010.242
010.243
010.244
010.245
010.246
010.247
010.248
010.249
010.250
010.251
010.252
011.239
011.240
011.241
011.242
011.243
011.244
011.245
011.246
011.247
011.248
011.249
011.250
011.251
011.252
012.239
012.240
012.241
012.242
012.243
012.244
012.245
012.246
012.247
012.248
012.249
012.250
012.251
012.252
013.239
013.240
013.241
013.242
013.243
013.244
013.245
013.246
013.247
013.248
013.249
013.250
014.239
013.251
013.252
014.240
014.241
014.242
014.243
014.244
014.245
014.246
014.247
014.248
014.249
014.250
015.239
014.251
015.240
015.241
015.242
014.252
015.243
015.244
015.245
015.246
015.247
015.248
015.249
016.239
016.240
015.250
015.251
016.241
016.242
015.252
016.243
016.244
016.245
016.246
016.247
016.248
016.249
017.239
017.240
016.250
016.251
017.241
017.242
016.252
017.243
017.244
017.245
017.246
017.247
018.239
017.248
017.249
018.240
018.241
017.250
017.251
018.242
017.252
018.243
018.244
018.245
018.246
018.247
019.239
018.248
018.249
019.240
019.241
018.250
019.242
019.243
018.251
018.252
019.244
019.245
019.246
019.247
020.239
020.240
019.248
019.249
020.241
019.250
020.242
020.243
019.251
019.252
020.244
020.245
020.246
020.247
021.239
021.240
020.248
020.249
021.241
021.242
020.250
021.243
020.251
021.244
021.245
020.252
021.246
022.239
021.247
022.240
021.248
021.249
022.241
022.242
021.250
022.243
021.251
022.244
022.245
021.252
022.246
023.239
022.247
023.240
023.241
022.248
022.249
023.242
022.250
023.243
022.251
023.244
023.245
022.252
023.246
024.239
023.247
024.240
024.241
023.248
024.242
023.249
023.250
024.243
023.251
024.244
024.245
023.252
024.246
025.239
025.240
024.247
025.241
024.248
025.242
024.249
024.250
025.243
025.244
024.251
025.245
024.252
026.239
025.246
026.240
025.247
026.241
025.248
026.242
026.243
025.249
026.244
025.250
026.245
025.251
027.239
026.246
025.252
027.240
026.247
027.241
027.242
026.248
027.243
026.249
027.244
026.250
027.245
026.251
028.239
027.246
026.252
028.240
028.241
027.247
028.242
027.248
028.243
027.249
028.244
027.250
028.245
027.251
029.239
029.240
028.246
027.252
029.241
028.247
029.242
028.248
029.243
028.249
029.244
028.250
030.239
029.245
028.251
030.240
029.246
028.252
030.241
029.247
030.242
029.248
030.243
029.249
030.244
029.250
031.239
030.245
029.251
031.240
030.246
029.252
031.241
030.247
031.242
030.248
031.243
030.249
031.244
030.250
032.239
031.245
030.251
032.240
031.246
030.252
032.241
031.247
032.242
031.248
032.243
031.249
032.244
031.250
033.239
032.245
031.251
033.240
033.241
032.246
033.242
032.247
031.252
032.248
033.243
032.249
034.239
033.244
032.250
034.240
033.245
034.241
033.246
032.251
034.242
033.247
032.252
034.243
033.248
034.244
033.249
035.239
033.250
035.240
034.245
035.241
034.246
033.251
035.242
034.247
033.252
035.243
034.248
035.244
034.249
036.239
035.245
036.240
034.250
036.241
035.246
034.251
036.242
035.247
034.252
036.243
035.248
036.244
035.249
037.239
036.245
037.240
035.250
037.241
036.246
035.251
037.242
036.247
035.252
037.243
036.248
037.244
036.249
038.240
037.245
036.250
038.241
037.246
036.251
038.242
037.247
036.252
038.243
037.248
038.244
037.249
039.240
038.245
039.241
037.250
039.242
038.246
037.251
038.247
039.243
038.248
037.252
039.244
040.240
039.245
038.249
040.241
038.250
040.242
039.246
038.251
039.247
040.243
039.248
038.252
040.244
041.240
040.245
039.249
041.241
040.246
039.250
041.242
041.243
040.247
039.251
040.248
042.240
041.244
041.245
040.249
042.241
041.246
040.250
042.242
042.243
041.247
041.248
043.240
042.244
042.245
041.249
043.241
042.246
041.250
043.242
043.243
042.247
042.248
044.240
043.244
044.241
043.245
042.249
043.246
042.250
044.242
044.243
043.247
044.244
043.248
045.240
045.241
044.245
043.249
045.242
044.246
043.250
046.239
045.243
044.247
045.244
044.248
046.240
046.241
045.245
044.249
046.242
045.246
044.250
047.239
046.243
045.247
047.240
046.244
045.248
047.241
046.245
045.249
047.242
046.246
045.250
048.239
047.243
046.247
048.240
047.244
046.248
048.241
047.245
046.249
048.242
047.246
048.243
046.250
047.247
049.240
048.244
047.248
049.241
048.245
047.249
049.242
048.246
050.239
049.243
047.250
048.247
050.240
049.244
048.248
050.241
049.245
048.249
050.242
049.246
051.239
050.243
048.250
051.240
049.247
050.244
051.241
050.245
049.248
051.242
049.249
050.246
052.239
051.243
052.240
050.247
051.244
052.241
051.245
050.248
052.242
051.246
052.243
053.240
051.247
052.244
053.241
052.245
051.248
053.242
052.246
053.243
054.240
053.244
052.247
054.241
053.245
052.248
054.242
053.246
054.243
055.240
054.244
053.247
055.241
054.245
053.248
055.242
054.246
056.240
055.243
055.244
054.247
056.241
055.245
054.248
056.242
056.243
055.246
057.240
056.244
055.247
057.241
057.242
056.245
055.248
057.243
056.246
058.240
057.244
056.247
058.241
058.242
057.245
056.248
058.243
057.246
059.240
059.241
058.244
057.247
059.242
058.245
057.248
060.240
059.243
058.246
060.241
059.244
058.247
060.242
059.245
058.248
061.240
060.243
059.246
061.241
060.244
059.247
061.242
060.245
059.248
062.240
061.243
060.246
062.241
061.244
060.247
063.239
062.242
061.245
063.240
062.243
061.246
063.241
062.244
061.247
062.245
064.240
062.246
590.240
587.241
593.239
594.239
591.240
588.241
585.242
595.239
592.240
589.241
586.242
583.243
596.239
593.240
590.241
587.242
584.243
594.240
597.239
591.241
588.242
585.243
582.244
598.239
595.240
592.241
589.242
586.243
583.244
599.239
596.240
593.241
590.242
587.243
584.244
581.245
600.239
597.240
594.241
591.242
588.243
585.244
582.245
601.239
598.240
595.241
592.242
589.243
586.244
583.245
602.239
599.240
580.246
596.241
593.242
590.243
587.244
584.245
603.239
600.240
597.241
581.246
594.242
591.243
578.247
588.244
585.245
604.239
601.240
598.241
582.246
595.242
592.243
579.247
589.244
586.245
605.239
602.240
599.241
583.246
596.242
593.243
580.247
590.244
587.245
606.239
603.240
600.241
597.242
584.246
594.243
591.244
581.247
588.245
578.248
607.239
604.240
601.241
598.242
585.246
595.243
592.244
582.247
589.245
579.248
608.239
605.240
602.241
599.242
586.246
596.243
576.249
593.244
583.247
590.245
580.248
609.239
606.240
603.241
600.242
587.246
597.243
577.249
594.244
584.247
610.239
591.245
581.248
574.250
607.240
604.241
601.242
588.246
598.243
578.249
595.244
585.247
611.239
608.240
592.245
582.248
575.250
605.241
602.242
589.246
599.243
579.249
596.244
586.247
612.239
609.240
593.245
583.248
576.250
606.241
603.242
590.246
600.243
580.249
597.244
587.247
594.245
613.239
610.240
607.241
584.248
577.250
604.242
591.246
601.243
581.249
598.244
588.247
614.239
595.245
611.240
608.241
585.248
578.250
605.242
592.246
602.243
582.249
575.251
599.244
589.247
615.239
612.240
596.245
609.241
586.248
579.250
606.242
593.246
572.252
603.243
583.249
600.244
590.247
576.251
616.239
613.240
597.245
569.253
610.241
587.248
580.250
607.242
594.246
573.252
604.243
601.244
584.249
591.247
577.251
617.239
614.240
598.245
570.253
611.241
588.248
581.250
608.242
595.246
605.243
574.252
602.244
585.249
618.239
592.247
578.251
615.240
612.241
599.245
609.242
589.248
582.250
596.246
606.243
575.252
603.244
586.249
619.239
616.240
593.247
579.251
613.241
600.245
610.242
590.248
597.246
583.250
607.243
576.252
604.244
587.249
620.239
617.240
594.247
580.251
614.241
601.245
611.242
591.248
608.243
598.246
584.250
577.252
605.244
588.249
621.239
618.240
595.247
581.251
615.241
602.245
612.242
592.248
609.243
599.246
585.250
578.252
622.239
606.244
589.249
619.240
596.247
582.251
616.241
603.245
613.242
593.248
610.243
600.246
586.250
579.252
623.239
607.244
620.240
617.241
597.247
590.249
604.245
583.251
614.242
594.248
611.243
601.246
587.250
624.239
621.240
608.244
580.252
618.241
598.247
591.249
615.242
605.245
584.251
595.248
612.243
602.246
588.250
625.239
622.240
609.244
581.252
619.241
599.247
592.249
616.242
606.245
585.251
613.243
603.246
596.248
589.250
626.239
610.244
623.240
