241.283
239.284
242.283
234.286
237.285
240.284
232.287
243.283
235.286
238.285
230.288
241.284
216.293
219.292
233.287
244.283
222.291
236.286
239.285
242.284
231.288
217.293
234.287
220.292
245.283
237.286
223.291
240.285
243.284
232.288
215.294
235.287
218.293
246.283
221.292
238.286
224.291
241.285
210.296
207.297
244.284
233.288
213.295
216.294
247.283
236.287
219.293
222.292
239.286
242.285
245.284
208.297
205.298
234.288
214.295
211.296
248.283
237.287
217.294
220.293
240.286
223.292
243.285
246.284
235.288
265.277
249.283
212.296
209.297
206.298
203.299
238.287
218.294
215.295
241.286
221.293
268.276
224.292
263.278
244.285
247.284
266.277
250.283
236.288
239.287
269.276
216.295
213.296
210.297
207.298
204.299
201.300
198.301
242.286
222.293
219.294
264.278
245.285
225.292
248.284
267.277
237.288
262.279
240.287
270.276
217.295
214.296
211.297
208.298
265.278
246.285
223.293
220.294
205.299
202.300
226.292
199.301
196.302
268.277
260.280
249.284
235.289
271.276
263.279
238.288
241.287
266.278
244.286
258.281
247.285
224.293
221.294
218.295
215.296
212.297
209.298
206.299
269.277
261.280
250.284
227.292
203.300
200.301
272.276
264.279
253.283
236.289
197.302
239.288
256.282
242.287
267.278
259.281
245.286
270.277
248.285
262.280
251.284
225.293
222.294
219.295
216.296
213.297
228.292
210.298
207.299
273.276
265.279
254.283
204.300
237.289
201.301
268.278
257.282
240.288
198.302
243.287
260.281
246.286
271.277
249.285
263.280
252.284
226.293
223.294
220.295
217.296
266.279
255.283
229.292
214.297
211.298
208.299
269.278
258.282
241.288
205.300
244.287
202.301
272.277
261.281
247.286
199.302
250.285
264.280
253.284
267.279
256.283
227.293
224.294
230.292
221.295
218.296
215.297
270.278
259.282
239.289
212.298
262.281
245.287
242.288
209.299
273.277
248.286
206.300
265.280
203.301
251.285
268.279
254.284
257.283
271.278
231.292
228.293
260.282
240.289
237.290
225.294
222.295
219.296
263.281
243.288
216.297
274.277
246.287
213.298
266.280
249.286
210.299
252.285
207.300
269.279
255.284
204.301
188.306
258.283
272.278
201.302
185.307
261.282
235.291
232.292
275.277
264.281
241.289
238.290
229.293
226.294
223.295
247.287
244.288
220.296
182.308
267.280
250.286
217.297
253.285
214.298
270.279
256.284
211.299
208.300
273.278
205.301
189.306
276.277
265.281
186.307
268.280
221.296
271.279
218.297
215.298
183.308
274.278
212.299
277.277
209.300
266.281
269.280
206.301
190.306
272.279
203.302
222.296
187.307
275.278
219.297
216.298
278.277
213.299
267.281
281.276
270.280
210.300
273.279
253.286
207.301
276.278
223.296
191.306
279.277
220.297
268.281
217.298
188.307
271.280
214.299
274.279
211.300
277.278
208.301
280.277
224.296
205.302
269.281
221.297
192.306
272.280
218.298
275.279
215.299
189.307
212.300
270.281
209.301
225.296
273.280
222.297
276.279
206.302
219.298
193.306
216.299
190.307
271.281
213.300
274.280
226.296
210.301
277.279
223.297
207.302
220.298
194.306
272.281
217.299
275.280
278.279
214.300
191.307
227.296
211.301
224.297
221.298
208.302
273.281
276.280
279.279
218.299
195.306
215.300
228.296
192.307
225.297
212.301
274.281
277.280
222.298
209.302
280.279
219.299
206.303
196.306
216.300
229.296
278.280
275.281
281.279
226.297
213.301
193.307
223.298
210.302
220.299
207.303
279.280
276.281
230.296
217.300
197.306
282.279
227.297
214.301
194.307
224.298
211.302
277.281
221.299
201.305
280.280
283.279
231.296
218.300
208.303
198.306
228.297
215.301
225.298
278.281
195.307
284.279
281.280
212.302
222.299
202.305
232.296
219.300
209.303
229.297
199.306
279.281
216.301
285.279
282.280
226.298
206.304
196.307
223.299
213.302
233.296
203.305
220.300
283.280
280.281
277.282
230.297
210.303
286.279
217.301
200.306
227.298
207.304
224.299
214.302
234.296
197.307
284.280
281.281
204.305
287.279
244.293
221.300
263.287
231.297
211.303
260.288
241.294
257.289
228.298
254.290
218.301
201.306
238.295
208.304
251.291
288.279
285.280
282.281
279.282
276.283
273.284
248.292
235.296
225.299
215.302
270.285
267.286
264.287
245.293
198.307
261.288
232.297
222.300
205.305
258.289
212.303
242.294
255.290
229.298
239.295
219.301
289.279
286.280
283.281
280.282
277.283
274.284
252.291
202.306
271.285
249.292
226.299
209.304
268.286
236.296
265.287
216.302
262.288
246.293
259.289
233.297
223.300
199.307
243.294
206.305
287.280
284.281
256.290
213.303
290.279
281.282
278.283
275.284
253.291
240.295
230.298
272.285
220.301
269.286
250.292
266.287
237.296
227.299
203.306
263.288
210.304
247.293
217.302
260.289
234.297
291.279
288.280
285.281
257.290
244.294
224.300
282.282
279.283
276.284
207.305
200.307
273.285
254.291
214.303
270.286
241.295
231.298
267.287
251.292
221.301
264.288
238.296
228.299
261.289
248.293
211.304
204.306
292.279
289.280
286.281
283.282
218.302
280.283
258.290
245.294
235.297
277.284
274.285
225.300
255.291
271.286
242.295
232.298
208.305
201.307
268.287
252.292
215.303
265.288
222.301
239.296
293.279
290.280
287.281
284.282
262.289
249.293
229.299
278.284
259.290
246.294
236.297
212.304
205.306
275.285
219.302
272.286
256.291
226.300
269.287
243.295
253.292
233.298
294.279
266.288
216.303
209.305
291.280
288.281
263.289
240.296
223.301
202.307
250.293
260.290
276.285
273.286
247.294
237.297
257.291
220.302
213.304
206.306
270.287
227.300
295.279
292.280
267.288
254.292
244.295
289.281
234.298
264.289
251.293
241.296
224.301
217.303
210.305
261.290
203.307
248.294
271.287
258.291
238.297
296.279
293.280
221.302
214.304
290.281
268.288
255.292
245.295
207.306
235.298
265.289
252.293
242.296
262.290
218.303
211.305
259.291
249.294
204.307
297.279
294.280
291.281
239.297
256.292
246.295
266.289
222.302
215.304
236.298
208.306
253.293
263.290
243.296
298.279
295.280
292.281
260.291
250.294
219.303
212.305
240.297
205.307
257.292
267.289
247.295
264.290
254.293
237.298
299.279
296.280
244.296
209.306
293.281
261.291
251.294
241.297
213.305
258.292
248.295
206.307
300.279
297.280
255.293
294.281
238.298
245.296
252.294
210.306
259.292
242.297
301.279
249.295
298.280
295.281
256.293
239.298
207.307
246.296
253.294
302.279
243.297
299.280
250.295
296.281
240.298
247.296
208.307
254.294
300.280
297.281
244.297
251.295
248.296
241.298
255.294
209.307
252.295
245.297
249.296
242.298
253.295
246.297
250.296
243.298
247.297
244.298
248.297
