126.288
120.292
117.294
128.287
125.289
114.296
119.293
116.295
130.286
127.288
124.290
113.297
121.292
118.294
129.287
126.289
115.296
123.291
120.293
112.298
134.284
131.286
128.288
117.295
125.290
122.292
114.297
136.283
133.285
119.294
130.287
127.289
124.291
116.296
138.282
135.284
121.293
141.280
132.286
129.288
113.298
126.290
118.295
140.281
137.283
123.292
115.297
143.279
134.285
131.287
128.289
120.294
125.291
139.282
117.296
145.278
142.280
136.284
133.286
122.293
130.288
127.290
119.295
114.298
141.281
138.283
147.277
144.279
135.285
124.292
132.287
116.297
153.273
129.289
121.294
143.280
140.282
126.291
156.271
149.276
146.278
137.284
134.286
118.296
152.274
131.288
123.293
155.272
145.279
142.281
139.283
128.290
158.270
148.277
136.285
120.295
151.275
133.287
125.292
161.268
154.273
130.289
157.271
147.278
144.280
141.282
122.294
117.297
150.276
138.284
127.291
160.269
153.274
135.286
156.272
132.288
124.293
119.296
163.267
159.270
149.277
146.279
143.281
140.283
152.275
137.285
129.290
170.262
162.268
155.273
134.287
121.295
174.259
158.271
126.292
169.263
165.266
151.276
148.278
145.280
142.282
131.289
173.260
161.269
154.274
139.284
123.294
118.297
168.264
164.267
157.272
136.286
128.291
172.261
160.270
133.288
176.258
153.275
150.277
147.279
144.281
125.293
120.296
171.262
167.265
163.268
156.273
141.283
138.285
130.290
175.259
159.271
170.263
166.266
135.287
122.295
174.260
162.269
155.274
152.276
149.278
146.280
143.282
127.292
178.257
169.264
165.267
158.272
140.284
132.289
173.261
161.270
137.286
124.294
182.254
177.258
168.265
151.277
148.279
129.291
119.297
176.259
172.262
164.268
157.273
154.275
145.281
134.288
181.255
160.271
142.283
126.293
180.256
175.260
171.263
167.266
139.285
131.290
121.296
163.269
153.276
150.278
147.280
136.287
184.253
179.257
174.261
170.264
166.267
159.272
156.274
144.282
178.258
141.284
133.289
128.292
123.295
183.254
173.262
169.265
162.270
182.255
177.259
165.268
155.275
152.277
149.279
138.286
181.256
172.263
158.273
146.281
135.288
130.291
125.294
120.297
176.260
168.266
161.271
143.283
186.252
180.257
164.269
140.285
127.293
185.253
175.261
171.264
167.267
157.274
154.276
151.278
148.280
132.290
122.296
184.254
179.258
160.272
145.282
137.287
183.255
178.259
174.262
170.265
163.270
142.284
129.292
189.250
166.268
134.289
124.295
188.251
182.256
177.260
173.263
169.266
159.273
156.275
153.277
150.279
139.286
187.252
181.257
162.271
147.281
131.291
186.253
176.261
172.264
165.269
144.283
136.288
126.294
185.254
180.258
168.267
158.274
155.276
152.278
141.285
121.297
191.249
175.262
161.272
149.280
133.290
190.250
184.255
179.259
171.265
164.270
146.282
138.287
128.293
197.244
189.251
183.256
167.268
143.284
123.296
196.245
188.252
178.260
174.263
170.266
160.273
157.275
154.277
135.289
130.292
195.246
194.247
187.253
182.257
163.271
151.279
148.281
140.286
125.295
186.254
177.261
173.264
166.269
192.249
181.258
169.267
145.283
137.288
132.291
203.239
202.240
201.241
191.250
185.255
180.259
176.262
172.265
162.272
159.274
156.276
153.278
142.285
127.294
200.242
199.243
198.244
190.251
184.256
165.270
150.280
122.297
197.245
189.252
179.260
175.263
168.268
147.282
139.287
134.290
196.246
195.247
188.253
183.257
171.266
161.273
158.275
144.284
129.293
194.248
178.261
164.271
155.277
152.279
124.296
193.249
187.254
182.258
174.264
167.269
149.281
141.286
136.289
131.292
204.239
203.240
202.241
201.242
192.250
186.255
170.267
200.243
199.244
191.251
181.259
177.262
173.265
163.272
160.274
157.276
146.283
126.295
198.245
197.246
190.252
185.256
166.270
154.278
138.288
133.291
196.247
180.260
176.263
169.268
151.280
143.285
128.294
195.248
189.253
184.257
172.266
148.282
194.249
188.254
183.258
179.261
175.264
165.271
162.273
159.275
156.277
140.287
135.290
123.297
205.239
204.240
203.241
202.242
193.250
168.269
153.279
145.284
130.293
201.243
200.244
192.251
187.255
182.259
178.262
171.267
150.281
125.296
199.245
198.246
191.252
186.256
174.265
164.272
161.274
142.286
137.289
132.292
197.247
181.260
167.270
158.276
155.278
147.283
196.248
190.253
185.257
177.263
170.268
152.280
139.288
127.295
195.249
189.254
173.266
144.285
134.291
205.240
204.241
203.242
194.250
184.258
180.261
176.264
166.271
163.273
160.275
149.282
129.294
202.243
201.244
193.251
188.255
169.269
157.277
141.287
200.245
199.246
183.259
179.262
172.267
154.279
146.284
136.290
198.247
192.252
187.256
175.265
151.281
131.293
124.297
197.248
191.253
186.257
182.260
178.263
168.270
165.272
162.274
159.276
143.286
138.289
206.240
196.249
171.268
156.278
148.283
133.292
126.296
205.241
204.242
203.243
195.250
190.254
185.258
181.261
174.266
153.280
202.244
194.251
189.255
177.264
167.271
164.273
145.285
140.288
128.295
201.245
200.246
184.259
173.267
170.269
161.275
158.277
150.282
135.291
199.247
193.252
188.256
180.262
155.279
130.294
198.248
192.253
183.260
176.265
147.284
142.287
137.290
207.240
206.241
197.249
187.257
179.263
169.270
166.272
163.274
152.281
205.242
204.243
196.250
191.254
175.266
172.268
160.276
144.286
132.293
125.297
203.244
190.255
186.258
182.261
157.278
149.283
139.289
202.245
201.246
195.251
178.264
168.271
154.280
134.292
127.296
200.247
194.252
189.256
185.259
181.262
174.267
171.269
165.273
162.275
146.285
141.288
199.248
193.253
177.265
159.277
151.282
129.295
208.240
207.241
198.249
188.257
184.260
156.279
136.291
206.242
205.243
197.250
192.254
180.263
173.268
170.270
167.272
164.274
148.284
143.287
204.244
203.245
187.258
183.261
176.266
161.276
153.281
131.294
202.246
196.251
191.255
179.264
158.278
201.247
195.252
186.259
150.283
145.286
133.293
200.248
190.256
182.262
175.267
172.269
169.271
166.273
163.275
155.280
126.297
209.240
208.241
207.242
199.249
194.253
178.265
160.277
147.285
135.292
206.243
193.254
189.257
185.260
181.263
152.282
142.288
205.244
204.245
198.250
174.268
171.270
168.272
157.279
203.246
197.251
192.255
188.258
184.261
177.266
165.274
149.284
144.287
202.247
196.252
180.264
162.276
154.281
211.239
210.240
201.248
191.256
187.259
183.262
159.278
132.294
209.241
208.242
200.249
195.253
176.267
173.269
170.271
167.273
156.280
151.283
146.286
207.243
190.257
186.260
179.265
164.275
134.293
206.244
205.245
199.250
194.254
182.263
161.277
204.246
198.251
193.255
189.258
185.261
175.268
172.270
169.272
158.279
153.282
148.285
143.288
203.247
178.266
166.274
212.239
211.240
202.248
197.252
192.256
188.259
181.264
163.276
155.281
150.284
210.241
209.242
201.249
196.253
184.262
160.278
145.287
208.243
207.244
191.257
177.267
174.269
171.271
168.273
206.245
200.250
195.254
187.260
180.265
165.275
157.280
152.283
147.286
205.246
199.251
190.258
183.263
162.277
204.247
194.255
186.261
176.268
173.270
213.239
212.240
211.241
203.248
198.252
179.266
170.272
167.274
159.279
154.282
149.285
210.242
197.253
193.256
189.259
182.264
164.276
144.288
209.243
208.244
202.249
185.262
156.281
151.284
207.245
201.250
196.254
192.257
188.260
181.265
178.267
175.269
172.271
161.278
146.287
206.246
200.251
184.263
169.273
205.247
195.255
191.258
166.275
158.280
153.283
213.240
212.241
204.248
199.252
187.261
177.268
174.270
163.277
148.286
211.242
210.243
194.256
190.259
183.264
180.266
171.272
155.282
209.244
203.249
198.253
186.262
168.274
160.279
150.285
208.245
202.250
197.254
193.257
165.276
145.288
207.246
201.251
189.260
182.265
179.267
176.269
173.271
157.281
152.284
206.247
196.255
192.258
185.263
170.273
162.278
214.240
213.241
205.248
200.252
188.261
167.275
147.287
212.242
211.243
195.256
181.266
178.268
175.270
159.280
154.283
210.244
204.249
199.253
191.259
184.264
172.272
164.277
149.286
209.245
203.250
194.257
187.262
169.274
156.282
208.246
198.254
190.260
166.276
161.279
151.285
215.240
207.247
202.251
183.265
180.267
177.269
174.271
214.241
213.242
206.248
201.252
197.255
193.258
186.263
171.273
163.278
158.281
146.288
212.243
189.261
168.275
153.284
211.244
205.249
200.253
196.256
192.259
182.266
179.268
148.287
210.245
204.250
185.264
176.270
173.272
165.277
160.280
155.283
209.246
199.254
195.257
188.262
170.274
150.286
216.240
208.247
203.251
191.260
162.279
157.282
215.241
214.242
207.248
202.252
198.255
194.258
187.263
184.265
181.267
178.269
175.271
167.276
152.285
213.243
190.261
172.273
212.244
206.249
201.253
197.256
164.278
159.281
147.288
211.245
205.250
193.259
186.264
183.266
180.268
169.275
154.284
210.246
200.254
196.257
189.262
177.270
174.272
161.280
149.287
217.240
216.241
209.247
204.251
192.260
166.277
156.283
215.242
208.248
199.255
171.274
214.243
203.252
195.258
188.263
185.265
182.267
179.269
168.276
163.279
158.282
151.286
213.244
207.249
202.253
198.256
191.261
176.271
212.245
206.250
194.259
173.273
153.285
211.246
201.254
187.264
184.266
181.268
170.275
165.278
160.281
218.240
217.241
210.247
205.251
197.257
190.262
178.270
155.284
148.288
216.242
209.248
200.255
193.260
175.272
167.277
162.280
215.243
204.252
196.258
186.265
183.267
172.274
157.283
150.287
214.244
208.249
192.261
189.263
180.269
213.245
203.253
199.256
177.271
169.276
164.279
159.282
152.286
220.239
219.240
212.246
207.250
195.259
174.273
218.241
211.247
206.251
202.254
198.257
191.262
188.264
185.266
182.268
166.278
154.285
217.242
194.260
179.270
171.275
161.281
216.243
210.248
205.252
201.255
197.258
176.272
156.284
149.288
215.244
209.249
190.263
187.265
184.267
173.274
168.277
163.280
214.245
204.253
200.256
193.261
181.269
158.283
151.287
221.239
220.240
213.246
208.250
196.259
178.271
170.276
165.279
219.241
212.247
207.251
203.254
199.257
175.273
160.282
153.286
218.242
192.262
189.264
186.266
183.268
217.243
211.248
206.252
202.255
195.260
180.270
172.275
167.278
162.281
155.285
216.244
210.249
198.258
177.272
222.239
215.245
205.253
201.256
191.263
188.265
185.267
169.277
157.284
221.240
214.246
209.250
194.261
182.269
174.274
164.280
150.288
220.241
219.242
213.247
208.251
204.254
197.259
179.271
159.283
218.243
200.257
190.264
187.266
176.273
171.276
166.279
152.287
217.244
212.248
207.252
203.255
196.260
193.262
184.268
161.282
154.286
211.249
199.258
181.270
173.275
168.278
216.245
206.253
178.272
163.281
156.285
222.240
221.241
215.246
210.250
202.256
195.261
192.263
189.265
186.267
220.242
214.247
205.254
198.259
183.269
175.274
170.277
165.280
158.284
219.243
209.251
201.257
180.271
151.288
218.244
213.248
194.262
191.264
188.266
172.276
160.283
217.245
212.249
208.252
204.255
197.260
185.268
177.273
167.279
153.287
224.239
223.240
200.258
182.270
162.282
222.241
216.246
211.250
207.253
203.256
193.263
179.272
174.275
169.278
155.286
221.242
215.247
199.259
196.261
190.265
187.267
164.281
220.243
210.251
206.254
184.269
176.274
171.277
157.285
219.244
214.248
202.257
181.271
166.280
159.284
218.245
213.249
209.252
205.255
198.260
195.262
192.264
189.266
225.239
224.240
201.258
186.268
178.273
173.276
168.279
161.283
152.288
223.241
217.246
212.250
208.253
204.256
183.270
222.242
216.247
197.261
194.263
191.265
175.275
163.282
154.287
221.243
211.251
207.254
200.259
188.267
180.272
170.278
156.286
220.244
215.248
203.257
185.269
165.281
226.239
219.245
214.249
210.252
206.255
182.271
177.274
172.277
158.285
225.240
199.260
196.262
193.264
190.266
167.280
160.284
224.241
218.246
213.250
209.253
202.258
187.268
179.273
174.276
223.242
217.247
205.256
184.270
169.279
162.283
222.243
212.251
208.254
201.259
198.261
195.263
192.265
221.244
216.248
204.257
189.267
181.272
176.275
171.278
164.282
227.239
220.245
215.249
211.252
186.269
157.286
226.240
207.255
200.260
197.262
194.264
183.271
178.274
173.277
166.281
225.241
219.246
214.250
210.253
203.258
191.266
159.285
224.242
218.247
206.256
188.268
180.273
168.280
223.243
213.251
209.254
196.263
185.270
175.276
161.284
222.244
217.248
202.259
199.261
193.265
170.279
228.239
221.245
216.249
212.252
205.257
190.267
182.272
177.275
227.240
226.241
208.255
187.269
172.278
225.242
220.246
215.250
211.253
204.258
201.260
198.262
195.264
179.274
219.247
207.256
192.266
184.271
174.277
224.243
214.251
189.268
223.244
218.248
210.254
203.259
200.261
197.263
186.270
181.273
176.276
229.239
228.240
222.245
213.252
206.257
194.265
227.241
217.249
209.255
191.267
183.272
178.275
226.242
221.246
216.250
202.260
199.262
188.269
173.278
225.243
220.247
212.253
205.258
196.264
193.266
215.251
208.256
185.271
180.274
230.239
224.244
219.248
211.254
190.268
175.277
229.240
223.245
204.259
201.261
198.263
195.265
187.270
182.273
228.241
218.249
214.252
210.255
207.257
192.267
177.276
227.242
222.246
184.272
226.243
221.247
217.250
213.253
206.258
203.260
200.262
197.264
189.269
179.275
209.256
194.266
231.239
225.244
220.248
216.251
212.254
186.271
181.274
230.240
224.245
205.259
202.261
191.268
176.277
229.241
223.246
219.249
215.252
208.257
199.263
196.265
188.270
183.273
228.242
211.255
193.267
178.276
227.243
222.247
218.250
214.253
226.244
210.256
207.258
204.260
201.262
198.264
190.269
185.272
180.275
232.239
221.248
217.251
195.266
231.240
225.245
213.254
187.271
182.274
230.241
224.246
220.249
216.252
209.257
206.259
203.261
200.263
192.268
229.242
212.255
197.265
189.270
177.277
228.243
223.247
219.250
215.253
194.267
184.273
227.244
208.258
205.260
202.262
179.276
233.239
232.240
222.248
218.251
211.256
199.264
191.269
186.272
231.241
226.245
214.254
196.266
181.275
225.246
221.249
217.252
207.259
204.261
188.271
176.278
230.242
213.255
210.257
201.263
193.268
183.274
229.243
224.247
220.250
198.265
178.277
234.239
228.244
216.253
195.267
190.270
185.273
233.240
223.248
219.251
212.256
209.258
206.260
203.262
180.276
232.241
227.245
215.254
200.264
192.269
187.272
231.242
226.246
222.249
218.252
197.266
182.275
211.257
208.259
205.261
194.268
189.271
230.243
225.247
221.250
214.255
202.263
184.274
235.239
229.244
217.253
199.265
234.240
224.248
220.251
210.258
207.260
196.267
191.270
186.273
179.277
233.241
228.245
216.254
213.256
204.262
201.264
232.242
227.246
223.249
219.252
193.269
188.272
181.276
212.257
209.259
198.266
183.275
231.243
226.247
222.250
215.255
206.261
203.263
195.268
190.271
236.239
230.244
218.253
200.265
185.274
235.240
225.248
221.251
234.241
229.245
214.256
211.258
208.260
205.262
197.267
192.270
187.273
180.277
233.242
228.246
224.249
217.254
202.264
232.243
220.252
199.266
194.269
189.272
182.276
227.247
223.250
216.255
213.257
210.259
207.261
231.244
219.253
204.263
196.268
184.275
236.240
226.248
222.251
201.265
191.271
235.241
230.245
215.256
212.258
209.260
186.274
179.278
234.242
229.246
225.249
218.254
206.262
198.267
193.270
233.243
221.252
203.264
188.273
181.277
228.247
224.250
214.257
211.259
200.266
195.269
183.276
237.240
232.244
220.253
217.255
208.261
190.272
236.241
231.245
227.248
205.263
197.268
185.275
223.251
213.258
202.265
192.271
235.242
230.246
226.249
219.254
216.256
210.260
207.262
187.274
234.243
222.252
199.267
194.270
229.247
225.250
204.264
189.273
182.277
238.240
233.244
218.255
215.257
212.259
209.261
201.266
196.269
237.241
232.245
228.248
221.253
206.263
191.272
184.276
224.251
198.268
236.242
231.246
227.249
220.254
217.256
214.258
211.260
203.265
193.271
186.275
235.243
223.252
208.262
188.274
230.247
226.250
205.264
200.267
195.270
239.240
234.244
219.255
216.257
213.259
190.273
238.241
233.245
229.248
222.253
210.261
202.266
197.269
183.277
237.242
225.251
207.263
192.272
185.276
232.246
228.249
218.256
215.258
204.265
199.268
236.243
224.252
221.254
212.260
194.271
187.275
231.247
209.262
201.267
240.240
235.244
227.250
217.257
206.264
196.270
189.274
239.241
234.245
230.248
223.253
220.255
214.259
211.261
191.273
182.278
238.242
226.251
203.266
198.269
184.277
233.246
229.249
208.263
193.272
237.243
222.254
219.256
216.258
213.260
205.265
200.268
186.276
241.240
236.244
232.247
225.252
210.262
195.271
188.275
228.250
202.267
240.241
235.245
231.248
224.253
221.255
218.257
215.259
207.264
197.270
190.274
239.242
227.251
212.261
234.246
230.249
209.263
204.266
199.269
192.273
183.278
238.243
223.254
220.256
217.258
194.272
185.277
242.240
237.244
233.247
226.252
214.260
206.265
201.268
187.276
229.250
211.262
196.271
241.241
236.245
232.248
222.255
219.257
208.264
203.267
189.275
240.242
228.251
225.253
216.259
198.270
191.274
235.246
231.249
213.261
239.243
224.254
221.256
210.263
205.266
200.269
193.273
243.240
238.244
234.247
227.252
218.258
215.260
242.241
230.250
207.265
202.268
195.272
186.277
237.245
233.248
212.262
197.271
188.276
241.242
229.251
226.253
220.257
217.259
209.264
204.267
190.275
240.243
236.246
214.261
199.270
232.249
206.266
192.274
244.240
239.244
235.247
228.252
225.254
222.256
219.258
211.263
201.269
194.273
243.241
231.250
216.260
185.278
238.245
234.248
213.262
208.265
203.268
196.272
187.277
242.242
227.253
224.255
221.257
198.271
189.276
241.243
237.246
230.251
218.259
210.264
205.267
233.249
215.261
200.270
191.275
245.240
240.244
236.247
229.252
226.254
223.256
220.258
212.263
207.266
193.274
244.241
232.250
217.260
202.269
195.273
243.242
239.245
235.248
209.265
228.253
225.255
222.257
214.262
204.268
197.272
186.278
242.243
238.246
231.251
219.259
188.277
246.240
234.249
216.261
211.264
206.267
199.271
190.276
241.244
237.247
230.252
227.254
224.256
201.270
192.275
245.241
233.250
221.258
213.263
208.266
194.274
244.242
240.245
236.248
218.260
203.269
229.253
226.255
215.262
210.265
196.273
243.243
239.246
232.251
223.257
205.268
198.272
187.278
247.240
235.249
220.259
212.264
189.277
242.244
238.247
228.254
217.261
207.267
200.271
191.276
246.241
234.250
231.252
225.256
222.258
202.270
193.275
245.242
241.245
237.248
219.260
214.263
209.266
204.269
195.274
244.243
240.246
233.251
230.253
227.255
224.257
216.262
211.265
197.273
248.240
236.249
221.259
206.268
199.272
247.241
243.244
239.247
218.261
213.264
188.278
235.250
232.252
229.254
226.256
208.267
201.271
190.277
246.242
242.245
238.248
223.258
215.263
203.270
192.276
220.260
210.266
194.275
245.243
241.246
234.251
231.253
228.255
205.269
196.274
249.240
237.249
225.257
217.262
212.265
198.273
248.241
244.244
240.247
222.259
207.268
233.252
230.254
227.256
219.261
214.264
200.272
189.278
247.242
243.245
239.248
236.250
224.258
209.267
202.271
191.277
221.260
216.263
204.270
193.276
250.240
246.243
242.246
235.251
232.253
229.255
211.266
195.275
245.244
238.249
226.257
218.262
206.269
197.274
249.241
241.247
223.259
213.265
199.273
234.252
231.254
208.268
248.242
244.245
240.248
237.250
228.256
220.261
215.264
201.272
247.243
225.258
210.267
203.271
190.278
251.240
243.246
236.251
233.253
222.260
217.263
212.266
192.277
246.244
239.249
230.255
227.257
205.270
194.276
250.241
242.247
224.259
219.262
214.265
207.269
196.275
249.242
245.245
235.252
232.254
198.274
241.248
238.250
229.256
221.261
216.264
209.268
200.273
248.243
226.258
211.267
202.272
252.240
244.246
234.253
218.263
204.271
247.244
240.249
237.251
231.255
223.260
213.266
193.277
251.241
243.247
228.257
206.270
195.276
250.242
246.245
225.259
220.262
215.265
208.269
197.275
239.250
236.252
233.254
230.256
199.274
249.243
242.248
227.258
222.261
217.264
210.268
201.273
253.240
245.246
212.267
203.272
252.241
248.244
241.249
238.251
235.253
232.255
224.260
219.263
205.271
244.247
229.257
214.266
192.278
251.242
247.245
226.259
221.262
207.270
194.277
240.250
237.252
234.254
216.265
209.269
198.275
196.276
254.240
250.243
243.248
231.256
223.261
200.274
246.246
228.258
218.264
211.268
202.273
253.241
249.244
242.249
239.251
236.253
233.255
213.267
204.272
245.247
230.257
225.260
220.263
252.242
248.245
215.266
206.271
241.250
238.252
235.254
227.259
222.262
208.270
195.277
193.278
255.240
251.243
244.248
232.256
217.265
210.269
197.276
247.246
229.258
224.261
219.264
199.275
254.241
250.244
243.249
240.251
237.253
212.268
201.274
246.247
234.255
226.260
221.263
214.267
203.273
253.242
249.245
231.257
205.272
242.250
239.252
228.259
223.262
216.266
207.271
256.240
252.243
245.248
236.254
233.256
218.265
209.270
248.246
225.261
211.269
196.277
194.278
255.241
251.244
244.249
241.251
238.253
230.258
220.264
200.275
198.276
247.247
235.255
213.268
202.274
254.242
250.245
232.257
227.260
222.263
215.267
204.273
243.250
240.252
206.272
257.240
253.243
249.246
246.248
237.254
229.259
224.262
217.266
208.271
234.256
219.265
210.270
256.241
252.244
245.249
242.251
231.258
226.261
212.269
195.278
255.242
248.247
239.253
236.255
221.264
214.268
199.276
197.277
251.245
228.260
203.274
201.275
254.243
244.250
241.252
233.257
223.263
216.267
205.273
258.240
250.246
247.248
238.254
230.259
218.266
207.272
257.241
235.256
225.262
209.271
253.244
246.249
243.251
220.265
211.270
256.242
249.247
240.253
232.258
227.261
213.269
252.245
237.255
222.264
215.268
200.276
198.277
196.278
259.240
255.243
245.250
234.257
229.260
224.263
202.275
251.246
248.248
242.252
239.254
217.267
206.273
204.274
258.241
236.256
231.259
226.262
219.266
208.272
254.244
210.271
257.242
250.247
247.249
244.251
241.253
233.258
228.261
221.265
212.270
253.245
238.255
223.264
214.269
260.240
256.243
235.257
230.260
216.268
197.278
252.246
249.248
246.250
243.252
225.263
203.275
201.276
199.277
259.241
255.244
240.254
232.259
218.267
205.274
237.256
227.262
220.266
209.272
207.273
258.242
251.247
248.249
245.251
242.253
211.271
254.245
239.255
234.258
229.261
222.265
213.270
261.240
257.243
224.264
215.269
253.246
250.248
247.250
244.252
236.257
231.260
217.268
260.241
256.244
241.254
226.263
202.276
200.277
198.278
238.256
233.259
219.267
206.274
204.275
259.242
252.247
249.249
246.251
243.253
228.262
221.266
208.273
255.245
235.258
230.261
223.265
212.271
210.272
262.240
258.243
240.255
214.270
254.246
251.248
248.250
245.252
237.257
232.260
225.264
216.269
261.241
257.244
242.254
227.263
218.268
239.256
234.259
220.267
260.242
253.247
250.249
247.251
229.262
205.275
203.276
201.277
199.278
197.279
263.240
256.245
244.253
236.258
222.266
209.273
207.274
259.243
241.255
231.261
224.265
213.271
211.272
262.241
255.246
252.248
249.250
246.252
215.270
258.244
243.254
238.257
233.260
226.264
217.269
261.242
228.263
219.268
254.247
251.249
248.251
240.256
235.259
221.267
264.240
257.245
245.253
230.262
204.276
202.277
200.278
198.279
260.243
242.255
237.258
223.266
210.273
208.274
206.275
196.280
194.281
192.282
263.241
256.246
253.248
250.250
232.261
225.265
212.272
259.244
247.252
239.257
234.260
227.264
216.270
214.271
262.242
244.254
218.269
255.247
252.249
249.251
241.256
236.259
229.263
220.268
265.240
258.245
246.253
231.262
222.267
261.243
243.255
238.258
224.266
264.241
257.246
254.248
251.250
233.261
209.274
207.275
205.276
203.277
201.278
199.279
197.280
260.244
248.252
240.257
226.265
213.272
211.273
195.281
193.282
263.242
245.254
235.260
228.264
217.270
215.271
191.283
259.245
256.247
253.249
250.251
230.263
219.269
266.240
262.243
247.253
242.256
237.259
221.268
232.262
223.267
265.241
258.246
255.248
252.250
244.255
239.258
225.266
261.244
249.252
234.261
227.265
208.275
206.276
204.277
202.278
264.242
246.254
241.257
236.260
214.272
212.273
210.274
200.279
198.280
260.245
257.247
254.249
229.264
218.270
216.271
196.281
194.282
267.240
263.243
251.251
243.256
238.259
231.263
220.269
192.283
248.253
222.268
266.241
259.246
256.248
253.250
245.255
240.258
233.262
224.267
262.244
250.252
235.261
226.266
265.242
247.254
242.257
228.265
268.240
261.245
258.247
255.249
237.260
230.264
213.273
211.274
209.275
207.276
205.277
203.278
201.279
264.243
252.251
244.256
217.271
215.272
199.280
267.241
249.253
239.259
232.263
221.269
219.270
197.281
195.282
260.246
257.248
254.250
246.255
234.262
223.268
193.283
263.244
251.252
241.258
225.267
191.284
266.242
236.261
227.266
269.240
262.245
259.247
256.249
248.254
243.257
238.260
229.265
265.243
253.251
231.264
214.273
212.274
210.275
208.276
206.277
268.241
250.253
245.256
240.259
233.263
218.271
216.272
204.278
202.279
261.246
258.248
255.250
222.269
220.270
200.280
198.281
267.242
264.244
252.252
247.255
242.258
235.262
224.268
196.282
237.261
226.267
194.283
263.245
260.247
257.249
249.254
244.257
228.266
192.284
266.243
254.251
239.260
230.265
246.256
232.264
262.246
259.248
241.259
234.263
219.271
217.272
215.273
213.274
211.275
209.276
207.277
205.278
256.250
243.258
223.269
221.270
203.279
236.262
225.268
201.280
199.281
261.247
258.249
245.257
238.261
227.267
197.282
240.260
229.266
195.283
231.265
193.284
242.259
233.264
235.263
220.271
218.272
216.273
214.274
212.275
210.276
244.258
237.262
224.269
222.270
208.277
206.278
226.268
204.279
202.280
239.261
230.266
228.267
200.281
232.265
198.282
234.264
196.283
236.263
219.272
217.273
215.274
213.275
238.262
225.269
223.270
221.271
211.276
209.277
229.267
227.268
207.278
205.279
231.266
203.280
233.265
201.281
199.282
197.283
218.273
226.269
224.270
222.271
220.272
216.274
214.275
212.276
230.267
228.268
210.277
208.278
232.266
206.279
204.280
202.281
200.282
198.283
227.269
225.270
223.271
221.272
219.273
217.274
215.275
231.267
229.268
213.276
211.277
209.278
207.279
205.280
203.281
201.282
228.269
226.270
224.271
222.272
220.273
218.274
199.283
230.268
216.275
214.276
212.277
229.269
227.270
225.271
223.272
221.273
231.268
219.274
217.275
215.276
213.277
230.269
228.270
226.271
224.272
222.273
220.274
218.275
216.276
231.269
229.270
227.271
225.272
223.273
221.274
219.275
217.276
215.277
232.269
230.270
228.271
226.272
224.273
222.274
220.275
218.276
216.277
233.269
231.270
229.271
227.272
225.273
223.274
221.275
217.277
234.269
232.270
230.271
228.272
226.273
224.274
222.275
220.276
218.277
235.269
233.270
231.271
229.272
227.273
225.274
223.275
221.276
219.277
236.269
234.270
232.271
230.272
228.273
226.274
224.275
237.269
235.270
233.271
231.272
229.273
227.274
225.275
223.276
238.269
221.277
236.270
234.271
232.272
230.273
228.274
226.275
224.276
239.269
222.277
237.270
235.271
233.272
231.273
229.274
227.275
225.276
240.269
238.270
223.277
236.271
234.272
232.273
228.275
241.269
226.276
239.270
224.277
227.276
