000.238
001.253
000.253
002.253
002.238
004.238
001.238
003.238
003.253
005.238
006.238
004.253
006.253
007.238
005.253
009.253
008.253
009.238
007.253
008.238
010.238
012.238
011.238
013.238
012.253
011.253
010.253
013.253
014.253
014.238
015.238
015.253
016.238
016.253
019.253
017.238
017.253
018.253
018.238
021.253
020.238
021.238
022.238
019.238
024.238
020.253
022.253
023.253
023.238
024.253
025.238
025.253
026.253
026.238
027.238
028.253
028.238
029.238
031.253
027.253
032.238
029.253
030.238
030.253
031.238
037.238
035.238
032.253
033.253
033.238
034.238
034.253
035.253
036.238
038.239
036.253
037.253
038.238
040.238
038.253
039.253
039.238
042.239
039.239
040.251
041.238
040.239
041.239
039.252
041.251
040.252
042.238
040.253
042.251
043.239
043.238
045.239
043.251
044.238
044.239
047.251
047.238
045.251
044.251
046.238
045.238
049.251
046.251
050.238
050.249
049.238
048.238
049.239
049.250
050.250
052.238
050.251
051.238
051.250
048.251
053.249
053.250
055.250
053.239
054.239
052.249
051.249
055.238
052.250
054.250
054.238
054.249
053.238
055.239
058.239
057.238
056.250
055.249
057.239
057.250
056.238
060.238
060.248
058.238
056.249
056.239
060.250
062.238
062.248
065.240
057.249
060.239
062.239
064.239
072.318
058.249
075.320
059.239
059.250
061.248
058.250
063.244
073.321
061.238
067.321
059.238
060.249
059.249
061.239
076.319
063.245
068.320
068.321
064.241
063.246
063.242
062.247
063.247
069.320
064.242
071.321
063.243
064.238
069.321
070.319
074.317
073.320
063.238
065.241
073.318
070.320
075.317
074.321
075.321
070.321
084.317
072.319
075.318
071.320
071.319
087.317
072.321
073.319
076.321
074.320
081.320
072.320
079.320
083.318
075.319
074.318
077.321
110.299
077.317
076.317
079.317
086.318
074.319
078.317
080.318
084.319
077.318
081.318
086.317
076.318
079.318
083.320
078.318
080.319
083.319
077.319
081.319
111.299
079.319
085.318
078.319
080.320
077.320
082.318
076.320
078.320
080.321
119.298
081.321
112.297
082.319
111.298
079.321
078.321
081.317
117.299
082.317
082.320
084.318
080.317
085.317
088.317
083.317
118.298
114.299
112.299
113.299
115.295
113.296
115.299
119.299
118.293
117.298
118.299
120.298
116.298
121.298
115.298
122.298
116.299
121.299
124.289
123.298
122.291
123.290
120.299
124.298
123.299
130.285
122.299
125.298
127.298
127.297
126.298
127.287
131.297
128.296
129.298
130.298
128.297
131.295
132.295
128.298
132.285
131.285
131.296
129.286
129.296
133.284
133.298
130.295
131.298
129.297
132.297
136.293
130.296
133.294
132.296
130.297
135.283
138.295
133.296
132.298
133.297
134.298
134.294
134.283
133.295
134.295
134.297
135.297
135.293
134.296
136.282
135.294
136.298
137.291
625.238
139.291
135.295
137.293
136.294
137.282
138.294
135.296
137.298
137.292
136.295
138.291
138.281
139.297
138.297
136.296
139.290
138.292
135.298
138.290
136.297
138.296
138.293
137.296
140.280
137.294
140.290
139.292
137.295
136.292
138.298
140.291
139.293
143.295
139.281
140.292
139.294
141.294
143.294
624.240
137.297
140.293
139.295
141.295
141.291
141.290
142.293
142.292
139.296
140.294
141.296
145.277
144.294
143.290
140.295
142.279
144.278
142.289
625.240
143.291
141.292
142.294
627.238
140.296
142.290
145.289
143.292
141.293
626.238
145.290
145.292
140.297
627.239
143.293
141.289
142.291
140.289
150.290
628.238
142.295
144.289
142.296
146.291
147.291
144.290
145.291
143.278
146.292
151.274
144.291
150.291
146.293
143.289
144.292
145.293
147.276
148.289
144.293
147.292
145.294
149.289
148.290
148.291
148.276
146.277
149.290
147.289
148.292
154.288
150.289
150.275
146.289
147.290
146.290
149.291
154.272
152.289
153.288
152.290
155.287
151.289
156.270
153.289
151.290
157.287
152.273
155.271
156.287
161.267
161.285
157.270
160.285
162.266
159.286
162.267
158.286
160.268
159.269
162.284
164.266
163.266
169.280
167.263
165.282
163.283
164.283
167.264
169.262
166.264
165.265
166.265
167.281
168.263
166.282
168.281
172.279
175.294
176.279
173.259
171.279
174.279
172.260
171.261
174.294
173.279
175.258
175.278
176.293
179.292
175.279
179.256
174.278
176.294
180.294
177.257
177.278
178.294
177.279
178.279
179.293
177.293
177.294
181.254
178.292
182.279
179.294
183.253
183.290
178.293
179.279
180.255
178.278
181.278
180.278
181.279
183.294
180.279
183.293
181.292
180.292
181.293
180.293
182.292
181.294
183.307
182.293
184.278
181.308
183.279
182.294
182.253
184.279
184.252
186.279
183.292
185.294
183.252
184.290
184.292
187.308
184.293
187.279
188.250
184.294
185.289
187.251
213.238
184.307
185.290
187.284
185.308
186.294
184.308
185.292
186.306
186.289
187.285
185.251
185.293
186.251
212.295
185.252
186.308
187.250
186.285
212.307
187.306
186.290
187.288
212.306
187.289
186.292
186.293
187.290
187.292
214.306
187.293
187.294
213.306
212.278
214.238
212.279
214.239
216.239
213.278
215.238
213.279
215.239
214.277
215.306
214.278
216.238
214.279
217.239
214.294
215.279
215.278
214.305
215.305
216.278
217.279
217.278
216.279
216.304
310.292
217.238
217.304
218.238
218.278
218.239
218.279
218.292
218.304
219.238
219.239
219.276
219.304
219.278
219.279
220.277
220.278
221.291
220.238
220.279
220.303
222.238
221.238
222.278
222.276
221.278
221.303
221.279
222.279
223.238
223.255
223.239
223.278
224.278
223.290
224.290
223.302
224.238
224.302
225.238
225.290
225.291
225.301
226.238
226.277
226.290
226.289
226.291
225.277
226.301
227.238
227.277
227.289
227.290
228.291
228.238
227.291
229.238
228.276
228.288
228.289
228.300
229.288
228.290
229.289
229.300
229.290
231.274
230.238
230.287
229.291
231.275
230.289
231.238
229.275
230.299
229.276
231.287
230.290
230.291
231.290
231.289
230.274
232.238
230.275
231.291
231.299
232.267
232.289
232.268
233.238
232.290
232.299
232.291
233.273
233.286
233.266
233.299
233.268
232.274
234.238
232.286
233.290
233.291
236.238
234.265
235.299
234.266
234.273
234.268
235.272
235.285
234.299
235.264
235.238
235.265
234.289
235.290
235.268
234.290
236.285
236.264
234.291
237.238
240.239
236.299
238.284
236.290
236.268
237.239
237.271
237.284
238.238
237.299
236.272
238.239
237.263
237.268
238.263
238.271
238.289
238.268
241.263
239.268
238.299
239.238
239.239
241.268
240.268
240.261
241.270
239.299
240.263
240.270
240.238
240.283
239.262
242.238
242.269
241.260
242.239
240.299
241.238
241.239
241.261
392.255
242.260
242.308
242.262
242.263
243.238
241.299
242.268
243.239
241.308
242.299
340.279
279.300
300.238
300.239
342.243
185.279
279.299
400.241
392.256
400.240
400.246
400.242
400.243
400.245
400.244
400.247
400.248
400.250
400.249
400.262
400.251
400.252
400.253
400.255
400.254
188.284
400.256
300.260
300.278
400.258
400.260
400.257
400.263
400.261
400.259
400.265
401.246
300.286
401.239
400.266
300.295
188.279
401.245
401.242
401.243
188.285
401.244
300.288
188.288
300.287
300.294
301.238
300.289
300.293
401.241
401.240
188.308
301.239
401.253
401.252
401.251
188.289
188.292
401.250
188.293
188.290
401.247
401.249
401.248
188.310
401.254
401.255
310.285
401.256
401.257
189.284
189.285
189.288
189.305
189.308
189.289
189.293
189.310
189.279
190.249
189.283
189.292
190.310
190.305
190.285
190.290
190.279
190.288
190.292
190.283
191.248
190.289
190.293
190.308
190.284
191.278
191.285
191.288
191.305
191.279
191.289
191.308
191.282
191.310
191.290
192.288
192.248
191.292
192.279
192.285
192.309
192.292
192.310
192.289
192.305
193.247
192.308
192.290
193.248
193.288
193.309
193.289
193.308
193.281
193.279
193.285
193.310
193.290
194.246
193.305
194.279
194.280
195.290
195.289
195.280
195.285
195.310
195.302
195.288
195.305
196.244
195.308
195.279
195.309
195.284
196.290
196.309
196.289
196.305
194.305
196.284
196.310
196.308
196.279
197.243
196.285
196.288
351.276
197.310
197.305
197.288
197.308
197.289
197.290
197.309
197.301
272.270
198.242
331.284
198.243
198.289
198.308
198.284
198.310
199.242
198.305
198.288
198.309
411.261
199.288
310.286
199.289
411.251
199.305
199.300
199.309
412.246
200.300
199.308
199.310
200.302
200.241
200.310
200.283
200.308
200.309
200.288
200.305
201.240
202.282
201.288
201.309
201.308
202.309
201.310
202.239
202.302
202.299
202.308
202.310
422.246
203.304
203.308
203.309
204.238
266.267
351.277
411.252
272.287
411.262
310.287
412.247
422.247
582.252
253.279
332.282
263.266
301.280
301.286
301.259
301.287
301.278
301.288
301.289
301.293
301.294
303.238
302.238
302.239
302.287
303.239
302.280
302.278
302.293
302.285
302.288
302.294
302.286
302.289
303.258
303.293
303.285
303.286
303.294
303.278
303.288
303.287
303.289
303.279
304.238
303.292
304.279
304.286
304.285
304.294
304.239
304.288
304.293
305.238
304.292
304.278
304.287
305.257
305.239
305.287
305.293
306.238
305.278
305.286
305.288
306.278
305.284
306.292
305.292
306.283
305.285
306.284
306.287
307.285
307.293
306.288
306.293
306.285
307.286
308.238
307.238
306.286
307.288
307.256
307.287
308.286
307.283
308.285
307.291
247.269
307.284
308.282
308.293
307.292
309.238
308.255
308.287
309.288
308.283
309.283
310.239
308.288
272.295
308.284
308.291
309.291
309.282
309.284
309.255
308.292
309.287
309.292
194.308
309.285
309.293
309.286
280.264
310.238
312.238
263.299
449.240
311.287
411.253
412.238
353.239
311.281
335.283
311.253
280.266
412.239
311.282
414.246
311.290
311.283
310.288
422.250
336.278
310.291
412.248
311.284
311.285
312.282
353.240
311.286
312.239
311.292
311.288
312.288
312.283
312.253
312.284
313.285
313.239
313.281
313.280
312.290
312.291
312.285
313.286
314.239
313.282
312.281
312.292
312.286
312.287
313.283
313.287
313.252
313.238
314.289
314.288
314.280
320.279
313.288
314.285
315.238
313.284
314.283
314.291
313.291
314.282
315.239
314.284
314.281
314.286
315.281
315.251
194.309
316.287
314.287
316.288
316.285
315.290
315.286
315.284
315.291
315.282
316.280
314.290
315.285
315.280
315.288
315.283
315.289
316.281
316.238
316.286
317.286
316.290
316.239
317.284
316.282
316.291
316.283
317.238
317.279
316.251
317.250
317.290
317.285
317.239
316.279
316.284
316.289
317.280
318.238
317.289
318.290
318.239
318.279
317.281
318.284
318.250
317.287
318.283
318.286
319.238
318.280
319.290
317.288
317.283
319.282
319.285
318.281
318.287
318.282
319.279
319.249
320.280
319.286
318.288
319.288
319.280
319.284
318.289
320.281
273.302
320.248
319.281
411.254
320.284
320.285
321.278
320.286
320.290
320.289
319.289
320.282
321.282
320.287
321.279
320.249
321.248
412.240
321.283
321.238
320.283
320.278
320.288
321.288
422.251
322.279
322.287
321.280
321.289
322.283
321.287
322.289
322.280
323.284
322.284
321.284
322.238
323.248
321.281
322.248
323.238
322.282
321.285
322.281
322.278
323.278
322.285
321.286
323.288
323.247
323.279
323.285
323.289
324.280
324.238
323.283
322.286
323.280
324.285
324.239
323.286
322.288
323.281
323.287
324.286
323.282
324.278
325.283
324.282
324.279
324.287
324.247
325.280
325.282
325.278
325.285
325.239
326.248
324.283
311.239
324.288
418.255
325.279
324.248
325.281
325.248
326.247
324.284
325.247
325.238
324.289
325.284
327.238
325.286
328.279
326.285
326.282
327.239
326.280
326.238
326.239
325.287
327.284
326.286
326.283
326.278
326.281
326.288
327.278
325.288
327.279
326.287
326.284
326.279
329.238
327.282
328.283
329.239
327.285
328.248
327.247
328.278
327.280
327.288
328.281
328.238
327.286
327.283
327.281
317.282
328.247
328.284
328.282
328.280
327.287
328.285
329.285
330.282
328.286
329.248
329.286
330.238
330.248
329.278
330.283
329.283
330.239
329.247
329.284
329.279
330.278
330.247
330.281
329.280
329.282
329.287
330.284
330.279
359.278
331.279
331.285
330.287
330.285
330.280
280.267
331.280
331.248
331.238
330.286
331.286
331.283
331.239
331.278
331.281
331.247
336.280
194.310
324.281
197.284
194.284
401.260
401.261
402.253
402.240
401.262
402.241
402.246
401.263
402.242
402.251
401.264
402.247
402.243
402.252
402.239
402.248
402.244
402.249
402.245
402.254
402.257
403.248
402.250
402.262
402.255
402.258
402.263
402.265
402.256
402.260
402.264
403.264
403.241
402.259
403.246
403.242
403.247
403.245
403.238
402.261
403.243
403.250
403.239
403.258
403.244
403.253
401.258
403.263
403.251
403.249
403.240
403.257
403.252
404.241
404.249
403.259
401.259
403.254
404.263
404.258
404.253
404.242
403.260
403.265
403.255
404.247
404.250
401.265
404.243
404.264
404.246
403.261
404.238
404.240
403.256
401.266
404.251
404.259
404.248
404.239
404.244
404.245
404.254
403.262
404.265
404.252
405.242
407.259
405.247
405.241
404.260
404.255
405.251
405.264
405.238
405.243
405.248
405.252
404.261
405.255
405.239
405.259
406.244
404.256
405.244
405.249
405.253
406.261
404.262
406.238
405.240
404.257
406.254
405.258
405.245
406.243
405.246
405.250
405.256
405.254
406.239
405.260
406.249
406.257
406.245
406.253
405.257
406.263
406.262
406.240
406.250
405.261
407.240
406.255
406.258
407.245
407.250
406.246
406.251
407.239
406.241
405.262
406.260
406.256
407.242
406.259
407.241
406.247
407.261
405.263
406.252
406.242
406.248
407.244
408.243
407.246
408.242
407.251
406.264
407.256
407.254
407.255
407.260
408.238
407.247
407.252
407.264
407.238
407.257
407.262
408.251
408.246
408.239
408.257
408.240
407.248
407.253
407.243
407.258
407.263
408.252
408.247
408.244
408.241
407.249
408.260
409.249
408.250
408.256
409.245
408.263
408.253
408.261
409.242
409.253
408.248
408.258
408.245
408.264
410.248
410.253
409.246
409.250
408.262
409.241
409.243
408.254
409.240
408.249
409.238
408.259
409.259
409.254
409.251
409.248
409.239
408.255
409.244
409.263
410.242
409.247
410.239
410.254
410.238
409.260
409.255
409.252
410.245
410.250
410.257
410.240
410.243
410.261
409.261
410.252
409.256
410.258
410.246
410.251
411.243
409.262
410.241
410.262
410.249
410.256
409.258
411.238
410.244
409.257
411.241
410.247
411.240
319.283
410.259
411.250
270.266
410.255
411.242
410.263
370.274
410.260
411.246
411.247
411.245
411.249
412.241
411.255
434.241
248.308
194.285
411.248
411.239
411.244
310.254
413.243
412.257
412.254
412.252
412.253
413.244
412.256
413.248
412.261
412.262
195.245
249.239
413.238
412.249
412.259
412.250
337.238
412.258
260.273
418.256
413.240
413.242
412.251
413.239
413.245
264.275
412.255
413.249
413.247
414.249
414.247
412.260
413.253
414.242
413.246
413.258
413.250
413.261
413.257
413.241
413.262
414.257
414.243
413.254
414.240
413.256
413.259
413.251
414.253
414.248
414.238
414.239
414.244
414.258
413.255
414.241
414.245
415.249
413.260
414.251
414.252
413.252
415.238
414.254
414.256
415.239
415.242
414.259
414.255
415.252
414.250
415.256
416.242
415.248
415.244
415.240
416.238
415.247
414.260
415.261
416.243
415.250
415.257
415.245
415.260
415.243
415.255
415.241
414.261
416.239
415.253
415.251
416.240
415.246
416.244
415.258
416.248
416.251
415.254
416.261
416.256
417.248
416.245
415.259
416.252
416.253
417.242
416.258
416.249
416.241
417.259
417.243
417.238
417.252
416.246
416.254
416.259
416.257
416.250
417.251
417.241
417.249
417.244
417.250
417.253
417.240
416.247
417.239
417.247
416.260
416.255
419.241
421.244
417.257
417.260
418.251
417.245
417.254
418.239
418.248
418.243
417.258
418.240
270.273
418.245
417.246
418.252
417.255
418.242
419.242
211.279
418.241
418.246
418.249
419.243
417.256
418.259
418.244
418.247
418.253
418.238
419.254
420.242
419.246
419.255
420.238
419.259
420.243
420.240
419.238
418.254
419.247
419.250
418.250
419.244
420.253
420.244
420.248
420.247
419.239
419.252
419.248
419.251
419.245
420.239
419.256
419.258
419.240
420.254
419.253
420.249
419.249
310.282
420.255
420.245
419.257
421.255
421.250
420.258
420.241
420.250
422.238
420.246
420.259
411.256
421.241
420.256
421.243
420.251
421.238
421.240
421.248
422.239
421.246
418.257
421.251
421.256
421.239
421.258
420.252
420.257
421.249
422.240
421.254
421.245
421.242
421.252
421.257
421.247
412.242
423.247
422.254
424.241
421.253
423.243
423.238
422.256
423.248
423.241
423.244
422.252
424.238
435.251
423.249
422.257
424.244
423.252
423.239
422.255
422.253
423.242
424.245
422.258
426.238
424.246
425.247
424.247
424.257
424.239
423.245
423.253
424.252
423.240
425.248
426.240
424.240
423.254
424.243
423.250
425.243
424.256
424.242
423.246
424.248
423.255
425.238
423.257
424.251
425.249
424.250
423.251
423.256
424.253
425.239
425.242
425.244
426.250
426.255
424.249
425.253
426.245
424.254
425.245
425.256
425.240
425.250
426.241
426.251
426.256
425.254
424.255
425.257
426.246
425.246
427.241
425.241
425.251
426.239
425.252
425.255
426.244
427.242
426.252
426.242
426.247
426.257
426.243
428.248
428.249
427.243
427.247
427.253
428.250
427.238
426.253
426.248
428.244
428.240
428.245
427.244
427.246
428.255
427.239
427.251
427.248
427.255
426.254
426.249
427.252
427.250
427.245
428.239
427.240
428.246
428.241
427.249
428.256
428.251
428.238
427.254
431.239
427.256
429.242
429.245
428.247
429.238
428.242
428.252
429.246
427.257
429.249
429.239
429.243
429.255
428.243
428.253
430.241
429.247
430.251
429.240
429.244
430.246
428.254
429.250
429.253
429.254
429.248
430.245
429.241
430.240
430.242
430.252
429.256
430.256
432.247
430.247
429.251
422.249
430.243
431.241
430.253
431.238
431.254
430.238
431.250
430.248
429.252
431.255
430.239
430.244
431.244
431.246
431.242
430.254
430.249
431.243
432.248
432.238
431.253
431.240
431.251
430.255
430.250
432.249
431.249
432.241
431.245
433.247
433.242
432.253
432.252
433.239
432.239
433.253
431.252
432.242
431.247
433.248
432.254
432.243
433.254
433.240
432.240
432.250
431.248
434.246
432.244
432.246
432.255
433.243
433.249
434.238
433.241
433.244
432.251
433.252
432.245
433.238
435.241
436.245
434.254
434.247
433.255
434.242
437.239
433.250
434.252
434.251
434.245
435.242
433.245
434.244
434.240
435.247
435.252
435.239
434.248
434.250
434.243
435.253
433.251
434.253
435.238
434.239
433.246
435.243
436.242
436.238
435.240
434.249
435.244
373.256
436.246
436.251
435.248
436.248
436.243
436.247
436.249
436.239
435.249
436.253
435.245
436.244
435.250
437.238
437.240
436.240
436.250
435.246
436.252
436.241
255.305
280.265
189.290
260.238
593.249
255.299
347.274
347.276
255.306
290.238
392.257
286.239
392.258
270.238
392.259
260.239
280.238
270.239
350.240
290.239
270.240
320.238
270.244
270.241
243.261
243.268
243.263
243.282
243.269
260.248
260.249
244.238
204.281
204.298
204.302
347.278
204.304
280.262
270.264
270.263
204.308
290.262
194.288
205.238
204.309
270.267
243.308
260.268
260.267
280.276
290.283
260.274
280.269
260.278
244.239
260.276
310.283
270.265
260.275
260.279
280.263
280.270
270.272
260.277
270.270
280.268
290.288
270.274
290.282
270.268
290.265
270.271
280.291
280.278
270.297
270.275
290.287
280.290
290.289
290.290
290.297
290.291
280.289
373.266
290.292
280.293
280.292
290.296
280.299
291.238
260.303
412.243
291.239
260.299
439.247
280.300
260.304
270.288
261.238
244.259
244.263
244.260
260.292
281.238
260.298
244.269
260.305
244.282
271.238
270.293
270.295
261.239
270.296
271.239
270.301
270.302
271.240
261.248
261.250
205.281
281.262
291.265
291.278
411.257
205.308
418.258
281.269
205.303
245.238
291.288
205.304
291.282
244.308
291.287
291.283
245.239
205.309
291.291
271.264
291.296
206.238
281.277
206.239
271.266
291.290
291.292
281.268
261.275
261.273
261.267
261.268
281.267
281.278
281.265
271.265
261.274
271.272
265.273
281.266
291.289
271.263
261.278
261.276
261.272
245.258
291.297
271.271
261.279
292.238
271.274
328.287
281.289
281.283
245.282
261.277
281.294
282.238
281.290
245.269
281.291
281.292
281.293
282.239
281.298
245.262
245.263
245.267
271.297
271.296
272.238
292.261
271.302
261.304
271.301
261.299
262.239
271.293
261.303
261.292
261.298
271.295
261.297
292.290
292.282
272.243
261.305
272.239
262.238
292.264
292.278
245.308
245.298
292.288
245.307
292.283
292.287
246.239
282.261
292.295
206.280
262.247
282.264
292.291
292.297
292.292
293.238
292.289
292.296
282.262
272.264
282.266
272.262
282.267
282.268
194.289
282.265
282.269
272.265
206.308
282.276
206.309
262.272
272.263
272.268
246.259
348.239
207.238
262.267
272.271
246.257
272.266
207.239
272.272
272.267
262.268
282.278
272.274
246.258
282.288
246.262
282.293
272.273
282.294
262.273
282.283
246.263
271.267
262.274
262.277
262.275
282.289
282.290
282.291
310.284
282.299
282.292
246.282
246.269
282.298
262.276
293.264
256.260
283.238
272.296
262.299
283.289
283.239
293.283
293.282
262.297
293.288
293.278
262.291
272.293
272.297
272.300
246.308
293.290
262.304
263.238
412.244
293.295
262.298
247.239
262.303
246.307
272.301
272.302
294.238
443.243
293.289
293.291
263.239
293.296
263.246
263.249
283.268
283.265
283.269
283.267
283.266
247.262
247.257
207.280
283.264
247.256
386.271
207.308
247.261
277.276
294.261
284.239
290.278
273.264
247.282
283.278
273.266
283.276
247.266
208.238
273.265
247.263
247.280
283.299
283.292
263.275
273.274
273.268
273.270
263.273
263.274
283.290
263.267
208.239
283.283
273.271
263.276
283.294
283.288
273.272
294.278
263.268
283.293
273.273
263.277
411.258
263.272
283.291
294.288
294.282
283.298
284.238
294.296
294.289
294.290
294.287
294.291
295.238
294.295
263.291
422.241
263.303
273.301
247.307
248.239
273.300
247.308
273.295
274.241
273.287
263.298
273.293
273.296
273.292
263.297
243.259
264.239
281.299
264.238
263.304
248.255
284.265
295.263
248.256
284.267
311.291
284.264
295.278
284.268
264.245
248.263
295.282
248.258
284.266
248.261
295.288
248.262
284.278
295.287
329.281
274.266
296.238
295.296
208.279
194.290
274.267
248.282
284.289
274.265
295.289
295.295
295.290
248.280
284.290
274.271
274.264
284.288
264.273
296.239
284.283
274.268
295.291
264.272
262.266
285.238
264.267
274.273
264.265
264.274
264.266
284.298
284.293
284.291
349.276
285.239
274.276
284.292
274.270
264.268
284.297
248.307
264.271
209.238
274.272
208.308
209.239
284.299
264.277
448.240
412.245
248.306
264.276
274.286
249.238
274.293
264.298
296.262
389.260
274.291
296.261
296.282
296.278
274.296
274.292
274.295
296.287
296.288
264.297
274.300
274.301
296.289
264.296
249.255
249.262
265.239
297.239
297.238
249.260
264.303
264.299
296.294
285.265
285.264
265.238
249.257
249.263
285.266
296.290
296.291
264.304
249.261
296.296
296.295
249.268
265.244
285.267
285.268
249.269
249.279
265.248
285.278
209.279
249.280
285.290
297.261
285.282
285.297
285.288
275.267
285.289
285.293
285.283
209.296
285.292
275.264
275.266
265.268
275.265
285.291
370.271
275.268
439.245
265.267
347.282
275.270
271.270
253.280
253.269
275.271
277.267
285.298
277.268
265.274
265.266
253.277
253.282
275.272
347.277
277.266
347.279
286.238
370.267
265.271
370.273
370.270
265.275
209.308
386.260
277.270
386.270
337.246
210.238
386.264
386.261
265.276
376.267
439.249
439.243
370.272
386.268
439.242
347.280
348.240
439.244
348.243
253.278
371.253
277.271
387.247
265.272
386.269
370.275
347.281
348.241
411.259
440.239
371.250
439.248
387.248
439.246
348.242
348.277
371.251
439.250
387.249
210.239
371.257
371.256
387.254
371.252
439.251
387.255
348.278
387.250
387.256
440.241
348.276
371.258
439.252
348.244
440.240
277.292
440.242
387.257
371.259
387.251
583.252
277.285
387.252
440.243
253.305
348.245
348.279
440.238
253.306
277.290
254.239
348.275
348.274
371.254
387.259
277.291
387.253
371.255
277.293
277.295
371.265
299.260
299.261
277.299
277.300
387.258
348.280
254.238
299.278
440.244
371.266
265.290
349.239
348.282
348.281
266.238
278.239
371.271
371.269
371.267
440.245
299.281
371.270
387.264
387.260
349.240
387.261
440.248
371.275
440.246
265.296
371.274
388.248
440.247
371.272
440.249
372.249
265.297
387.271
387.268
299.293
349.244
387.270
266.239
299.290
387.269
388.247
441.239
440.252
349.274
440.250
265.298
349.245
299.286
441.238
441.240
584.252
299.287
372.251
349.241
388.249
265.302
372.250
299.294
349.242
371.273
265.303
388.255
299.289
349.243
440.251
372.253
265.304
388.250
299.288
441.248
441.241
299.295
441.242
349.275
372.252
388.258
293.287
388.251
441.243
254.259
311.238
349.277
349.280
350.239
441.249
254.254
254.260
349.278
388.252
349.281
350.242
349.279
266.244
327.248
372.254
441.244
372.255
372.256
328.239
441.250
388.253
372.267
388.254
266.247
313.290
372.265
441.245
350.241
441.247
388.259
441.246
372.257
350.243
314.238
372.266
372.258
254.261
388.261
332.238
349.282
331.287
388.256
388.260
441.251
442.239
388.263
388.257
372.259
442.241
350.244
422.243
350.274
372.269
442.238
372.270
210.279
372.271
350.280
442.240
388.268
332.239
254.269
278.267
350.275
373.250
210.278
351.239
372.272
442.248
389.250
278.269
389.249
278.268
388.269
350.276
278.263
254.277
442.242
442.247
372.273
373.252
373.251
388.270
254.276
350.277
254.279
350.281
442.245
389.251
278.265
372.274
278.271
442.243
442.249
372.275
278.270
332.247
278.266
254.278
389.246
332.277
442.244
389.248
442.251
254.268
332.248
373.257
389.247
266.275
350.279
443.240
586.251
373.258
442.246
351.240
373.249
254.280
266.264
351.242
266.272
373.253
351.241
278.276
373.255
389.252
373.254
332.279
331.282
389.254
389.263
442.250
389.253
351.244
332.278
443.238
254.282
351.280
351.274
351.243
443.239
266.265
389.261
211.238
278.278
373.272
443.247
332.283
332.284
373.270
332.280
389.256
389.255
351.281
266.273
389.259
351.275
351.278
587.251
266.266
332.286
373.259
373.271
443.241
443.245
443.244
389.257
352.240
266.270
389.268
332.281
390.250
333.238
443.246
443.242
352.276
350.278
389.269
262.278
351.279
352.241
266.271
373.265
352.277
266.268
266.274
373.269
389.258
332.285
210.307
278.295
373.273
278.290
389.270
333.239
352.279
266.276
278.292
443.248
352.242
278.291
278.293
373.274
352.274
390.246
352.243
374.250
254.295
443.249
333.247
374.249
278.300
352.275
390.248
278.299
390.247
374.256
443.251
374.251
352.280
374.255
443.250
444.238
374.252
352.281
390.249
374.257
445.245
352.278
333.278
444.239
374.253
374.258
444.242
374.254
390.253
255.239
254.306
353.241
254.305
390.255
255.238
333.279
390.251
444.240
390.254
390.257
390.256
390.252
333.283
444.243
411.260
444.241
444.244
353.242
444.245
374.259
333.280
374.264
353.243
266.298
444.246
374.265
390.258
445.241
444.247
333.281
266.302
333.282
333.285
266.303
353.274
353.273
353.276
333.284
266.304
266.290
374.267
374.266
374.270
354.239
353.275
390.259
390.260
390.268
353.280
374.269
266.296
390.261
444.248
445.238
444.249
353.279
390.263
445.239
333.286
353.281
334.238
444.250
353.277
375.249
353.278
267.238
391.245
374.271
374.272
374.274
445.240
390.269
374.273
391.249
255.251
354.273
266.297
354.240
375.248
391.248
267.239
391.246
375.250
445.244
391.247
354.241
445.242
445.243
267.247
375.251
590.250
391.250
354.242
255.259
446.238
391.251
334.279
375.252
446.239
255.260
375.259
445.246
375.253
375.258
391.257
391.252
255.261
267.243
445.247
334.247
354.278
446.240
354.259
255.269
375.264
279.265
267.246
354.274
375.254
334.277
334.276
391.258
279.263
375.255
391.253
334.278
354.275
446.246
354.276
279.266
279.269
391.254
445.248
279.267
375.256
334.280
354.277
446.241
375.257
334.283
279.276
445.249
391.255
211.278
391.256
255.276
354.279
591.250
334.281
279.268
375.265
392.244
354.280
355.240
334.282
279.270
391.259
375.266
375.268
334.284
355.239
391.260
255.277
391.261
375.269
375.267
355.241
446.242
376.248
446.243
391.263
391.262
375.270
391.269
355.274
446.245
446.244
391.267
446.249
334.285
447.238
211.295
355.276
267.274
255.278
355.242
375.272
446.247
255.279
375.274
355.259
392.247
392.246
255.280
447.240
375.271
376.249
392.245
279.278
255.282
447.239
391.268
376.250
335.238
334.286
392.248
446.248
355.273
355.272
447.241
279.293
375.273
278.264
355.275
256.239
355.277
279.289
279.284
376.251
336.238
279.290
392.249
356.277
279.291
267.264
355.278
447.242
267.265
376.252
355.279
279.292
335.286
355.280
392.250
335.247
376.253
356.276
335.276
356.239
447.243
376.254
392.251
448.244
356.240
376.270
376.255
392.252
447.244
356.278
356.241
376.271
392.253
447.245
376.269
376.256
377.248
447.246
356.279
392.254
392.263
448.245
335.285
392.262
447.247
392.267
392.265
335.284
448.247
448.246
376.272
267.276
267.275
376.273
356.275
356.280
357.239
377.252
376.268
392.268
392.269
448.248
376.274
357.273
357.275
449.238
357.274
357.240
449.246
594.249
393.250
357.276
377.253
393.244
357.258
449.247
449.239
357.241
357.277
377.249
357.259
393.251
393.245
377.254
256.251
393.247
377.250
336.279
336.246
393.246
377.255
449.242
267.296
449.241
357.272
336.281
377.251
377.256
393.252
267.297
449.243
393.254
393.248
256.259
268.239
336.277
393.249
393.253
449.244
267.303
336.276
358.241
449.245
267.298
449.248
336.282
357.278
450.238
271.275
357.279
377.257
268.242
377.258
393.255
267.302
358.272
336.283
393.256
450.239
286.278
358.239
596.238
358.240
450.240
450.246
377.259
393.262
268.243
377.261
268.238
393.257
256.276
286.264
377.264
450.241
393.263
358.258
256.277
393.258
336.284
377.269
377.266
450.247
393.259
336.285
358.271
393.265
286.265
393.260
450.242
377.270
286.266
451.238
337.239
393.261
358.273
450.244
358.257
256.278
358.259
233.289
286.267
450.245
358.274
377.271
377.265
248.269
377.267
256.279
393.267
256.268
286.287
450.243
337.277
359.239
377.268
378.253
451.239
358.276
358.275
394.249
286.282
377.272
378.252
286.283
337.275
394.243
393.268
249.306
337.276
286.293
358.277
451.240
394.244
337.282
358.278
452.238
377.273
451.241
394.250
378.248
451.247
394.245
597.238
337.283
286.297
286.288
359.258
394.246
359.257
451.242
358.279
249.307
249.282
286.289
451.243
378.255
378.249
451.244
337.278
286.298
359.259
394.251
394.247
250.238
378.254
452.239
250.239
451.245
337.284
378.250
394.252
249.297
286.291
286.290
378.251
452.240
337.280
337.279
256.305
286.292
452.245
394.248
378.256
359.256
359.240
394.253
337.281
451.246
359.271
287.238
597.248
394.260
287.239
337.285
359.272
394.254
338.239
338.238
256.294
378.257
452.241
359.274
359.273
256.299
598.238
394.255
378.259
378.258
338.245
338.275
452.242
394.257
394.256
268.267
246.280
378.267
452.244
394.261
452.243
453.238
359.275
378.269
360.257
394.262
378.261
256.304
453.239
378.268
338.276
359.276
378.266
394.267
394.258
268.264
268.268
256.306
453.240
378.264
360.258
452.246
453.241
257.238
394.263
394.259
257.239
378.270
268.265
452.247
360.259
268.266
338.277
359.279
359.277
379.251
394.265
360.239
268.270
395.243
378.265
394.268
250.260
454.243
360.240
453.242
378.271
268.271
453.243
394.266
338.278
268.272
598.248
360.271
268.273
339.239
338.279
268.274
453.244
378.272
250.254
360.272
599.238
338.280
378.273
338.281
453.245
268.275
379.254
250.257
379.253
360.273
360.274
395.242
360.279
361.239
379.248
379.249
453.246
338.283
395.244
360.275
454.238
361.258
454.239
360.276
395.247
379.255
361.255
454.240
379.250
454.244
257.250
395.248
250.261
454.242
338.284
395.249
257.259
395.245
257.252
379.252
250.262
395.250
379.257
395.246
361.256
360.278
360.277
338.285
379.256
454.241
250.269
379.258
250.263
339.238
395.257
395.251
600.238
250.268
361.274
361.257
454.245
268.289
395.252
379.259
339.277
454.246
395.253
395.258
268.295
455.238
250.278
287.278
600.247
395.259
395.260
257.260
455.239
379.268
250.279
287.264
455.244
268.296
339.245
379.260
361.275
339.275
257.268
361.259
601.238
455.245
250.280
361.270
395.254
339.278
361.271
268.297
379.261
287.282
287.265
257.274
379.264
379.269
455.240
361.272
361.276
395.255
339.279
339.280
339.276
268.298
395.256
395.261
379.265
257.275
455.241
380.249
379.267
455.243
361.273
395.266
455.242
456.240
379.266
456.241
287.266
339.282
339.281
361.277
379.270
456.238
287.283
268.301
361.278
379.271
395.262
268.302
379.272
456.239
395.263
362.254
287.287
395.264
380.253
362.255
457.238
339.283
257.276
396.247
379.273
396.245
362.256
268.303
269.245
257.277
380.252
380.248
287.288
380.259
257.278
456.242
269.238
250.306
395.267
339.284
396.246
287.293
601.247
269.239
362.257
456.243
250.307
257.279
287.290
362.272
287.289
251.238
456.244
457.241
269.241
602.238
340.239
457.240
340.238
287.292
362.271
396.242
257.280
287.291
287.298
362.258
287.297
396.243
380.254
257.281
362.259
288.238
380.250
396.248
456.245
269.242
380.251
396.250
362.270
251.239
396.244
457.239
457.242
288.239
362.273
340.245
340.274
380.255
362.274
380.256
396.249
362.275
340.282
380.257
340.275
457.243
380.258
340.276
362.276
396.252
362.278
396.251
362.277
458.243
458.238
380.260
457.244
340.277
458.239
396.257
396.254
396.253
340.278
341.238
363.257
458.241
458.244
458.240
363.254
380.269
380.268
340.283
363.270
363.259
380.261
396.258
459.238
257.299
396.255
396.259
396.260
340.280
380.266
340.281
340.284
363.255
341.239
458.242
396.261
363.256
257.304
363.258
459.239
380.264
459.240
603.238
257.293
380.265
269.263
381.249
396.256
257.294
459.241
380.270
257.305
269.268
396.262
460.243
257.306
396.263
251.253
397.244
258.238
341.276
363.271
363.272
459.242
251.256
380.271
380.272
258.239
396.264
380.273
364.253
459.243
396.266
341.244
269.264
269.270
363.273
460.238
363.274
381.253
460.242
341.277
381.248
363.275
397.245
341.274
381.254
396.267
604.238
251.262
381.255
363.277
341.245
397.246
364.254
460.239
269.265
397.241
341.278
381.251
363.276
251.263
341.279
251.264
460.240
381.257
381.252
381.250
269.267
364.255
341.275
461.238
397.243
397.242
251.259
363.278
461.239
341.282
269.266
364.257
381.256
460.241
288.263
251.260
342.238
251.261
341.281
397.247
364.256
397.248
269.271
381.258
269.272
461.241
461.240
397.249
288.264
364.273
461.242
341.280
463.238
604.246
397.256
269.273
364.258
258.250
462.242
464.240
381.259
269.274
251.279
381.260
269.275
381.269
251.268
397.250
288.265
251.280
288.266
364.274
397.251
397.257
462.238
258.259
341.283
251.282
462.239
288.278
288.282
463.240
364.270
364.275
251.269
463.239
364.259
251.283
341.284
288.283
381.264
381.270
606.238
381.261
342.239
397.254
381.265
397.252
382.248
364.271
364.277
364.272
342.277
251.278
288.287
397.258
397.253
462.240
381.268
342.244
381.266
462.241
397.255
463.241
364.276
288.289
288.288
258.260
381.271
342.274
382.253
342.245
381.272
397.259
365.253
258.268
288.290
365.252
463.242
397.260
382.249
288.291
397.261
365.258
382.255
397.263
397.262
342.275
269.297
365.254
288.292
465.240
365.270
464.238
464.239
465.239
382.250
398.241
342.276
269.301
288.293
342.281
289.238
397.264
365.259
365.255
398.243
607.238
464.241
382.251
398.242
382.254
342.278
466.238
342.282
397.265
342.283
269.288
289.239
258.274
365.256
397.266
465.241
365.271
269.293
365.272
269.295
465.238
398.244
365.257
269.296
382.256
288.296
382.257
288.297
258.275
288.298
269.302
382.252
398.246
342.279
272.292
382.265
342.280
343.277
397.267
269.303
466.239
398.245
251.306
251.296
342.284
258.279
466.240
258.277
365.273
251.307
273.267
343.238
382.258
382.269
258.280
382.268
365.274
382.259
252.238
343.274
275.276
382.270
382.260
343.239
365.276
398.247
343.245
365.275
398.248
382.264
467.238
398.253
382.261
467.239
398.250
607.245
343.275
398.249
365.277
398.254
608.238
468.238
571.250
366.252
366.256
467.240
252.239
468.239
366.253
382.272
382.266
366.257
398.255
398.251
382.271
398.252
570.251
568.253
398.257
383.254
398.256
343.276
343.243
343.244
608.245
366.254
366.255
275.292
258.304
366.258
571.251
609.238
366.276
275.296
383.248
252.253
366.259
258.299
398.258
610.238
398.266
383.249
275.286
383.256
571.252
398.259
275.300
275.291
275.301
343.278
258.305
571.253
366.270
259.239
343.279
343.280
398.267
366.271
366.272
573.248
259.238
258.293
366.273
344.239
383.250
573.251
383.251
344.238
275.293
276.240
383.252
367.252
398.260
343.281
366.277
398.261
383.253
258.298
252.259
367.254
572.250
366.274
398.262
275.295
383.257
367.253
343.282
572.251
573.250
366.275
344.242
367.257
572.253
344.243
398.263
399.243
383.255
343.283
367.270
574.249
398.265
383.258
399.240
367.255
383.259
399.241
289.265
383.260
399.242
573.253
574.248
383.272
289.278
367.256
344.244
252.260
575.248
252.261
344.277
383.261
611.238
574.253
344.278
399.244
252.262
383.264
575.249
252.263
252.269
367.272
344.279
383.265
344.245
399.251
289.287
399.245
611.244
367.258
252.268
344.275
367.273
574.251
344.274
252.277
384.249
367.259
259.249
252.278
384.248
367.267
383.268
259.251
289.282
289.288
383.270
612.238
383.269
399.252
399.246
289.289
344.276
383.271
289.290
399.248
399.247
399.258
367.271
576.247
252.282
399.249
384.254
289.283
289.291
399.250
344.280
344.281
252.279
289.292
367.274
344.282
367.275
289.296
252.280
399.259
384.250
368.251
367.276
344.283
399.261
399.253
384.252
345.238
368.252
384.251
575.253
399.255
399.254
384.253
368.253
384.258
368.259
576.246
289.297
384.257
399.256
384.259
399.257
345.239
345.244
576.248
252.283
297.287
368.254
399.260
399.262
384.255
399.263
577.246
576.253
613.238
345.245
297.262
297.278
577.247
345.274
384.260
368.256
276.264
368.267
345.243
614.238
384.261
368.255
368.270
345.242
368.257
384.271
368.271
384.256
368.275
368.258
437.246
368.272
399.265
297.288
384.264
276.265
577.248
345.275
276.266
399.266
297.289
297.290
345.276
252.307
384.265
345.277
276.267
437.243
422.242
368.273
297.294
384.268
346.238
297.295
422.244
368.274
276.268
385.249
345.278
422.245
384.269
298.238
259.268
437.244
422.248
345.279
614.243
384.270
276.270
345.283
368.276
385.250
259.274
577.253
298.239
346.239
615.238
259.280
253.238
259.275
615.243
345.280
369.254
252.296
369.253
276.271
437.241
437.245
252.305
385.251
345.281
259.276
252.306
616.238
437.242
369.255
259.277
385.259
369.251
385.252
276.272
345.282
259.278
578.246
346.281
276.276
385.248
346.240
369.252
259.279
346.244
578.253
437.247
369.256
253.239
346.241
385.253
276.292
369.257
437.248
385.254
385.255
385.261
438.239
437.249
346.243
346.242
369.259
385.260
369.258
617.238
276.293
369.266
438.240
385.256
346.245
346.277
437.251
346.274
259.293
437.250
385.257
437.252
369.273
369.267
276.295
259.298
579.244
385.258
276.296
346.278
579.245
346.279
437.253
346.280
346.275
438.238
385.265
579.246
369.272
618.238
438.241
369.270
385.264
253.252
347.240
369.271
580.245
346.276
253.255
617.242
385.269
369.275
276.291
369.274
276.300
259.299
370.251
438.242
370.250
276.301
385.268
438.243
618.242
298.281
370.252
438.244
619.238
620.238
385.270
346.282
579.253
259.304
386.252
259.305
298.287
438.245
370.253
347.242
253.263
438.246
370.254
347.243
582.243
298.260
438.251
298.261
347.244
580.244
385.271
370.259
347.239
346.283
386.253
298.278
370.256
211.306
386.254
347.238
386.249
438.252
253.259
298.288
370.255
370.257
438.248
347.245
386.248
620.241
253.261
438.253
386.250
298.294
438.249
298.289
621.238
438.247
299.238
298.295
347.241
386.251
267.267
386.255
370.258
438.250
347.275
386.256
370.266
386.258
439.238
256.238
335.281
373.267
439.240
439.239
299.239
581.244
580.253
621.241
277.263
335.279
622.238
376.259
447.248
277.264
622.241
250.282
333.277
376.257
212.238
623.238
211.307
376.264
624.238
356.259
279.295
265.265
376.258
448.243
356.272
376.265
267.270
338.282
267.268
629.238
253.260
360.256
267.266
448.238
267.271
448.242
335.278
335.280
630.238
392.261
448.241
267.273
335.277
267.272
448.239
339.285
256.280
277.265
439.241
356.242
356.273
258.276
298.290
356.274
386.259
335.282
258.278
392.260
000.254
376.266
318.285
000.255
386.257
001.254
356.258
001.255
002.254
002.255
003.254
003.255
004.254
004.255
005.254
005.255
006.254
006.255
007.254
007.255
008.254
008.255
009.254
009.255
010.254
010.255
011.254
011.255
012.254
012.255
013.254
013.255
014.254
014.255
015.254
015.255
016.254
016.255
017.254
017.255
018.254
018.255
019.254
019.255
020.254
020.255
021.254
021.255
022.254
022.255
023.254
023.255
024.254
024.255
025.254
025.255
026.254
026.255
027.254
027.255
028.254
028.255
029.254
029.255
030.254
030.255
031.254
031.255
032.254
090.302
091.301
091.302
092.301
092.302
093.300
093.301
094.300
094.301
095.300
124.299
125.299
126.299
127.299
129.299
130.299
131.299
132.299
133.299
134.299
135.299
136.299
137.299
139.298
141.297
180.291
181.291
182.291
183.291
237.265
238.264
238.265
239.264
239.265
240.264
241.264
249.265
281.270
282.270
283.270
284.269
284.270
285.269
285.270
286.268
286.269
286.270
287.267
287.268
287.269
287.270
288.267
288.268
288.269
288.270
289.266
289.267
289.268
289.269
289.270
290.266
290.267
290.268
290.269
290.270
291.266
291.267
291.268
291.269
291.270
292.266
292.267
292.268
292.269
292.270
293.266
293.267
293.268
293.269
293.270
294.266
294.267
294.268
294.269
294.270
295.266
295.267
295.268
295.269
296.266
296.267
296.268
296.269
297.266
297.267
297.268
298.266
298.267
298.268
299.266
299.267
299.268
300.266
300.267
301.266
302.266
308.269
309.269
310.255
310.268
310.269
311.254
311.255
311.268
311.269
312.254
312.255
312.267
312.268
312.269
313.253
313.254
313.255
313.267
313.268
313.269
314.252
314.253
314.254
314.255
314.266
314.267
314.268
314.269
315.252
315.253
315.254
315.255
315.266
315.267
315.268
315.269
316.252
316.253
316.254
316.255
316.266
316.267
316.268
316.269
317.251
317.252
317.253
317.254
317.255
317.265
317.266
317.267
317.268
317.269
318.251
318.252
318.253
318.254
318.255
318.265
318.266
318.267
318.268
318.269
318.271
319.250
319.251
319.252
319.253
319.254
319.255
319.264
319.265
319.266
319.267
319.268
319.269
319.271
320.250
320.251
320.252
320.253
320.254
320.255
320.264
320.265
320.266
320.267
320.268
320.269
320.270
320.271
321.249
321.250
321.251
321.252
321.253
321.254
321.255
321.263
321.264
321.265
321.266
321.267
321.268
321.269
321.270
321.271
322.249
322.250
322.251
322.252
322.253
322.254
322.263
322.264
322.265
322.266
322.267
322.268
322.269
322.270
322.271
323.249
323.250
323.251
323.252
323.253
323.254
323.261
323.262
323.263
323.264
323.265
323.266
323.267
323.268
323.269
323.270
323.271
324.249
324.250
324.251
324.252
324.253
324.261
324.262
324.263
324.264
324.265
324.266
324.267
324.268
324.269
324.270
324.271
325.249
325.250
325.251
325.252
325.253
325.260
325.261
325.262
325.263
325.264
325.265
325.266
325.267
325.268
325.269
325.270
325.271
326.249
326.250
326.251
326.252
326.260
326.261
326.262
326.263
326.264
326.265
326.266
326.267
326.268
326.269
326.270
326.271
327.249
327.250
327.251
327.252
327.259
327.260
327.261
327.262
327.263
327.264
327.265
327.266
327.267
327.268
327.269
327.270
327.271
328.249
328.250
328.251
328.259
328.260
328.261
328.262
328.263
328.264
328.265
328.266
328.267
328.268
328.269
328.270
328.271
329.249
329.250
329.251
329.258
329.259
329.260
329.261
329.262
329.263
329.264
329.265
329.266
329.267
329.268
329.269
329.270
329.271
330.249
330.250
330.258
330.259
330.260
330.261
330.262
330.263
330.264
330.265
330.266
330.267
330.268
330.269
330.270
330.271
331.249
331.250
331.258
331.259
331.260
331.261
331.262
331.263
331.264
331.265
331.266
331.267
331.268
331.269
331.270
332.249
332.258
332.259
332.260
332.261
332.262
332.263
332.264
332.265
332.266
332.267
332.268
332.269
332.270
333.248
333.249
333.258
333.259
333.260
333.261
333.262
333.263
333.264
333.265
333.266
333.267
333.268
333.269
333.270
334.248
334.258
334.259
334.260
334.261
334.262
334.263
334.264
334.265
334.266
334.267
334.268
334.269
334.270
335.258
335.259
335.260
335.261
335.262
335.263
335.264
335.265
335.266
335.267
335.268
335.269
336.247
336.258
336.259
336.260
336.261
336.262
336.263
336.264
336.265
336.266
336.267
336.268
336.269
336.275
337.258
337.259
337.260
337.261
337.262
337.263
337.264
337.265
337.266
337.267
337.268
337.269
338.258
338.259
338.260
338.261
338.262
338.263
338.264
338.265
338.266
338.267
338.268
338.274
339.258
339.259
339.260
339.261
339.262
339.263
339.264
339.265
339.266
339.267
339.268
339.274
340.258
340.259
340.260
340.261
340.262
340.263
340.264
340.265
340.266
340.267
340.268
340.273
341.258
341.259
341.260
341.261
341.262
341.263
341.264
341.265
341.266
341.267
341.268
341.273
342.258
342.259
342.260
342.261
342.262
342.263
342.264
342.265
342.266
342.267
342.268
342.272
342.273
343.258
343.259
343.260
343.261
343.262
343.263
343.264
343.265
343.266
343.267
343.268
343.272
343.273
344.258
344.259
344.260
344.261
344.262
344.263
344.264
344.265
344.266
344.267
344.268
344.271
344.272
344.273
345.258
345.259
345.260
345.261
345.262
345.263
345.264
345.265
345.266
345.267
345.268
345.271
345.272
345.273
346.258
346.259
346.260
346.261
346.262
346.263
346.264
346.265
346.266
346.267
346.268
346.271
346.272
346.273
347.258
347.259
347.260
347.261
347.262
347.263
347.264
347.265
347.266
347.267
347.268
347.270
347.271
347.272
347.273
348.258
348.259
348.260
348.261
348.262
348.263
348.264
348.265
348.266
348.267
348.268
348.270
348.271
348.272
348.273
349.258
349.259
349.260
349.261
349.262
349.263
349.264
349.265
349.266
349.267
349.268
349.269
349.270
349.271
349.272
349.273
350.258
350.259
350.260
350.261
350.262
350.263
350.264
350.265
350.266
350.267
350.268
350.269
350.270
350.271
350.272
350.273
351.258
351.259
351.260
351.261
351.262
351.263
351.264
351.265
351.266
351.267
351.268
351.269
351.270
351.271
351.272
351.273
352.239
352.258
352.259
352.260
352.261
352.262
352.263
352.264
352.265
352.266
352.267
352.268
352.269
352.270
352.271
352.272
352.273
353.258
353.259
353.260
353.261
353.262
353.263
353.264
353.265
353.266
353.267
353.268
353.269
353.270
353.271
353.272
354.258
354.260
354.261
354.262
354.263
354.264
354.265
354.266
354.267
354.268
354.269
354.270
354.271
354.272
355.258
355.260
355.261
355.262
355.263
355.264
355.265
355.266
355.267
355.268
355.269
355.270
355.271
356.260
356.261
356.262
356.263
356.264
356.265
356.266
356.267
356.268
356.269
356.270
356.271
357.260
357.261
357.262
357.263
357.264
357.265
357.266
357.267
357.268
357.269
357.270
357.271
358.260
358.261
358.262
358.263
358.264
358.265
358.266
358.267
358.268
358.269
358.270
359.260
359.261
359.262
359.263
359.264
359.265
359.266
359.267
359.268
359.269
359.270
360.260
360.261
360.262
360.263
360.264
360.265
360.266
360.267
360.268
360.269
360.270
361.260
361.261
361.262
361.263
361.264
361.265
361.266
361.267
361.268
361.269
362.260
362.261
362.262
362.263
362.264
362.265
362.266
362.267
362.268
362.269
363.260
363.261
363.262
363.263
363.264
363.265
363.266
363.267
363.268
363.269
364.260
364.261
364.262
364.263
364.264
364.265
364.266
364.267
364.268
364.269
365.260
365.261
365.262
365.263
365.264
365.265
365.266
365.267
365.268
365.269
366.260
366.261
366.262
366.263
366.264
366.265
366.266
366.267
366.268
366.269
367.260
367.261
367.262
367.263
367.264
367.265
367.266
367.268
367.269
368.260
368.261
368.262
368.263
368.264
368.265
368.266
368.268
368.269
369.260
369.261
369.262
369.263
369.264
369.265
369.268
369.269
370.260
370.261
370.262
370.263
370.264
370.265
370.268
370.269
371.260
371.261
371.262
371.263
371.264
371.268
372.260
372.261
372.262
372.263
372.264
372.268
373.260
373.261
373.262
373.263
373.264
373.268
374.260
374.261
374.262
374.263
374.268
375.260
375.261
375.262
375.263
376.260
376.261
376.262
376.263
377.260
377.262
377.263
378.260
378.262
378.263
379.262
379.263
380.262
380.263
381.262
381.263
382.262
382.263
383.262
383.263
384.262
384.263
385.262
385.263
386.262
386.263
387.262
387.263
388.262
388.264
389.262
390.262
567.255
568.255
569.255
570.254
570.255
571.254
571.255
572.254
572.255
573.254
574.254
575.254
576.254
584.242
605.238
