273.242
256.253
258.252
275.241
255.254
260.251
274.242
271.244
268.246
277.240
262.250
257.253
252.256
245.260
273.243
270.245
259.252
254.255
247.259
276.241
264.249
249.258
279.239
261.251
256.254
275.242
272.244
269.246
266.248
251.257
244.261
278.240
263.250
258.253
253.256
246.260
277.241
274.243
271.245
268.247
260.252
255.255
248.259
265.249
250.258
280.239
262.251
257.254
276.242
273.244
270.246
267.248
252.257
243.262
279.240
264.250
259.253
245.261
254.256
247.260
278.241
275.243
272.245
269.247
261.252
256.255
249.259
281.239
266.249
274.244
263.251
258.254
251.258
277.242
271.246
268.248
253.257
280.240
260.253
244.262
273.245
265.250
255.256
246.261
279.241
276.243
270.247
262.252
248.260
267.249
257.255
250.259
275.244
264.251
252.258
281.240
278.242
272.246
269.248
259.254
261.253
254.257
277.243
274.245
266.250
256.256
280.241
271.247
263.252
268.249
258.255
279.242
276.244
282.240
273.246
270.248
265.251
260.254
253.258
255.257
278.243
275.245
267.250
262.253
281.241
272.247
257.256
269.249
264.252
259.255
280.242
277.244
283.240
274.246
271.248
266.251
261.254
254.258
282.241
279.243
276.245
268.250
263.253
256.257
273.247
258.256
270.249
265.252
281.242
278.244
275.246
260.255
284.240
272.248
267.251
262.254
255.258
283.241
280.243
277.245
269.250
264.253
257.257
274.247
259.256
271.249
266.252
285.240
282.242
279.244
276.246
261.255
273.248
268.251
263.254
256.258
284.241
281.243
278.245
270.250
265.253
258.257
275.247
272.249
267.252
260.256
286.240
283.242
280.244
277.246
262.255
269.251
274.248
264.254
257.258
285.241
282.243
279.245
271.250
276.247
266.253
259.257
273.249
268.252
261.256
287.240
284.242
281.244
278.246
270.251
263.255
275.248
265.254
286.241
283.243
280.245
272.250
258.258
277.247
267.253
260.257
285.242
274.249
262.256
288.240
282.244
279.246
269.252
271.251
264.255
287.241
284.243
276.248
266.254
281.245
273.250
259.258
278.247
268.253
286.242
275.249
261.257
289.240
283.244
280.246
270.252
263.256
265.255
288.241
285.243
277.248
272.251
282.245
274.250
267.254
279.247
269.253
260.258
290.240
287.242
284.244
262.257
281.246
276.249
271.252
264.256
266.255
253.262
292.239
289.241
286.243
278.248
273.251
283.245
268.254
259.259
280.247
275.250
270.253
261.258
291.240
288.242
285.244
263.257
282.246
277.249
272.252
265.256
293.239
290.241
287.243
279.248
274.251
267.255
256.261
254.262
284.245
269.254
281.247
276.250
260.259
292.240
289.242
286.244
271.253
262.258
283.246
278.249
273.252
264.257
266.256
294.239
291.241
288.243
280.248
275.251
268.255
255.262
285.245
270.254
257.261
282.247
277.250
261.259
259.260
293.240
290.242
287.244
272.253
263.258
284.246
279.249
274.252
265.257
292.241
267.256
295.239
289.243
281.248
276.251
269.255
252.264
250.265
248.266
286.245
258.261
256.262
254.263
246.267
244.268
294.240
291.242
283.247
278.250
271.254
260.260
288.244
273.253
262.259
285.246
280.249
266.257
264.258
293.241
275.252
268.256
290.243
287.245
282.248
277.251
270.255
255.263
253.264
251.265
249.266
295.240
292.242
284.247
279.250
272.254
259.261
257.262
247.267
245.268
289.244
274.253
263.259
261.260
286.246
281.249
265.258
294.241
291.243
276.252
267.257
288.245
283.248
278.251
269.256
271.255
296.240
293.242
285.247
280.250
273.254
258.262
256.263
254.264
252.265
250.266
248.267
290.244
262.260
260.261
246.268
287.246
282.249
275.253
266.258
264.259
295.241
292.243
277.252
268.257
289.245
284.248
270.256
279.251
272.255
297.240
294.242
286.247
281.250
274.254
291.244
261.261
259.262
257.263
255.264
253.265
251.266
249.267
288.246
283.249
276.253
265.259
263.260
247.268
296.241
293.243
278.252
267.258
290.245
285.248
269.257
280.251
271.256
298.240
295.242
287.247
282.250
273.255
292.244
275.254
258.263
256.264
297.241
289.246
284.249
277.253
264.260
262.261
260.262
254.265
252.266
250.267
294.243
279.252
268.258
266.259
248.268
291.245
286.248
270.257
299.240
281.251
272.256
296.242
293.244
288.247
283.250
274.255
276.254
298.241
290.246
285.249
278.253
263.261
261.262
259.263
257.264
255.265
295.243
280.252
267.259
265.260
253.266
251.267
292.245
287.248
271.257
269.258
300.240
297.242
282.251
273.256
294.244
289.247
284.250
275.255
277.254
299.241
291.246
286.249
279.253
296.243
266.260
264.261
262.262
260.263
258.264
256.265
293.245
288.248
281.252
270.258
268.259
254.266
252.267
301.240
298.242
283.251
272.257
295.244
290.247
276.255
274.256
285.250
278.254
300.241
292.246
287.249
297.243
280.253
265.261
263.262
261.263
294.245
289.248
282.252
269.259
267.260
259.264
257.265
255.266
302.240
299.242
284.251
273.257
271.258
253.267
296.244
291.247
275.256
286.250
277.255
301.241
293.246
288.249
279.254
298.243
281.253
303.240
295.245
290.248
283.252
268.260
266.261
264.262
262.263
260.264
300.242
285.251
272.258
270.259
258.265
256.266
297.244
292.247
276.256
274.257
254.267
302.241
287.250
278.255
299.243
294.246
289.249
280.254
282.253
304.240
296.245
291.248
284.252
301.242
273.258
271.259
269.260
267.261
265.262
263.263
261.264
259.265
298.244
293.247
286.251
275.257
257.266
306.239
303.241
288.250
279.255
277.256
255.267
300.243
295.246
290.249
281.254
253.268
283.253
305.240
297.245
292.248
285.252
302.242
270.260
268.261
266.262
264.263
299.244
294.247
287.251
276.257
274.258
272.259
262.264
260.265
307.239
304.241
289.250
278.256
258.266
301.243
296.246
280.255
256.267
291.249
284.253
282.254
306.240
303.242
298.245
293.248
286.252
308.239
300.244
295.247
288.251
275.258
273.259
271.260
269.261
267.262
265.263
305.241
290.250
279.256
277.257
263.264
261.265
302.243
297.246
281.255
259.266
257.267
307.240
292.249
283.254
255.268
304.242
299.245
294.248
285.253
287.252
309.239
301.244
296.247
289.251
274.259
272.260
270.261
306.241
291.250
278.257
276.258
268.262
266.263
264.264
303.243
298.246
282.255
280.256
262.265
308.240
293.249
284.254
260.266
258.267
305.242
300.245
295.248
286.253
288.252
302.244
297.247
290.251
307.241
292.250
277.258
275.259
273.260
271.261
269.262
267.263
304.243
299.246
281.256
279.257
265.264
309.240
301.245
294.249
285.254
283.255
263.265
261.266
306.242
296.248
287.253
259.267
303.244
289.252
308.241
298.247
291.251
293.250
276.259
274.260
305.243
300.246
282.256
280.257
278.258
272.261
270.262
268.263
310.240
302.245
295.249
284.255
307.242
297.248
288.253
286.254
304.244
290.252
309.241
299.247
292.251
306.243
301.246
294.250
281.257
279.258
277.259
275.260
273.261
271.262
311.240
303.245
296.249
285.255
283.256
308.242
298.248
287.254
305.244
291.252
289.253
310.241
300.247
293.251
307.243
302.246
312.240
295.250
280.258
278.259
276.260
309.242
304.245
297.249
286.255
284.256
282.257
274.261
299.248
288.254
306.244
290.253
311.241
301.247
292.252
308.243
303.246
294.251
313.240
296.250
310.242
305.245
298.249
285.256
283.257
281.258
279.259
277.260
275.261
300.248
289.254
287.255
273.262
307.244
291.253
312.241
302.247
293.252
309.243
304.246
295.251
314.240
297.250
311.242
306.245
299.249
284.257
282.258
280.259
301.248
288.255
286.256
278.260
276.261
274.262
313.241
308.244
292.253
290.254
303.247
294.252
310.243
305.246
296.251
315.240
298.250
312.242
307.245
300.249
302.248
289.255
287.256
285.257
283.258
281.259
279.260
277.261
314.241
309.244
293.253
291.254
275.262
304.247
295.252
273.263
316.240
311.243
306.246
297.251
299.250
313.242
308.245
301.249
303.248
288.256
286.257
284.258
282.259
315.241
310.244
292.254
290.255
280.260
278.261
305.247
296.252
294.253
276.262
274.263
317.240
312.243
307.246
298.251
300.250
314.242
309.245
302.249
319.239
304.248
316.241
311.244
293.254
291.255
289.256
287.257
285.258
283.259
281.260
313.243
306.247
295.253
279.261
277.262
318.240
308.246
299.251
297.252
275.263
315.242
301.250
320.239
310.245
303.249
305.248
317.241
312.244
292.255
290.256
288.257
286.258
284.259
314.243
307.247
296.253
294.254
282.260
280.261
319.240
309.246
300.251
298.252
278.262
316.242
302.250
276.263
321.239
311.245
304.249
318.241
313.244
306.248
291.256
289.257
287.258
315.243
308.247
297.253
295.254
293.255
285.259
283.260
320.240
310.246
299.252
281.261
279.262
317.242
303.250
301.251
322.239
312.245
305.249
319.241
314.244
307.248
321.240
316.243
309.247
296.254
294.255
292.256
290.257
288.258
286.259
311.246
300.252
298.253
284.260
318.242
302.251
323.239
313.245
304.250
320.241
315.244
306.249
308.248
322.240
317.243
310.247
297.254
295.255
293.256
291.257
289.258
312.246
301.252
299.253
287.259
285.260
319.242
303.251
283.261
314.245
305.250
321.241
316.244
307.249
309.248
323.240
318.243
311.247
296.255
294.256
313.246
302.252
300.253
298.254
292.257
290.258
288.259
320.242
315.245
304.251
286.260
284.261
306.250
322.241
317.244
308.249
310.248
324.240
319.243
312.247
321.242
314.246
301.253
299.254
297.255
295.256
293.257
291.258
316.245
305.251
303.252
289.259
287.260
323.241
307.250
285.261
318.244
309.249
283.262
325.240
311.248
281.263
320.243
313.247
279.264
322.242
315.246
302.253
300.254
298.255
296.256
294.257
317.245
306.251
304.252
292.258
290.259
324.241
308.250
288.260
319.244
310.249
286.261
326.240
321.243
312.248
284.262
314.247
282.263
323.242
316.246
301.254
299.255
297.256
318.245
307.251
305.252
303.253
295.257
293.258
325.241
309.250
291.259
289.260
320.244
311.249
287.261
327.240
322.243
313.248
285.262
315.247
283.263
324.242
317.246
319.245
306.252
304.253
302.254
300.255
298.256
296.257
281.264
326.241
310.250
308.251
294.258
292.259
321.244
312.249
290.260
328.240
323.243
314.248
288.261
316.247
286.262
325.242
318.246
284.263
320.245
307.252
305.253
303.254
301.255
299.256
327.241
322.244
311.250
309.251
297.257
295.258
329.240
313.249
293.259
291.260
324.243
315.248
289.261
317.247
287.262
326.242
319.246
328.241
321.245
306.253
304.254
302.255
285.263
323.244
312.250
310.251
308.252
300.256
298.257
296.258
330.240
314.249
294.259
325.243
316.248
292.260
327.242
318.247
290.261
320.246
288.262
329.241
322.245
286.263
324.244
311.251
309.252
307.253
305.254
303.255
301.256
299.257
331.240
315.249
313.250
297.258
326.243
317.248
295.259
293.260
328.242
319.247
291.261
321.246
330.241
323.245
289.262
325.244
312.251
310.252
308.253
306.254
304.255
302.256
287.263
332.240
316.249
314.250
300.257
298.258
327.243
318.248
296.259
334.239
329.242
320.247
294.260
322.246
331.241
324.245
326.244
313.251
311.252
309.253
307.254
305.255
333.240
328.243
317.249
315.250
303.256
301.257
319.248
299.258
335.239
330.242
321.247
297.259
295.260
323.246
332.241
325.245
293.261
334.240
327.244
314.251
312.252
310.253
308.254
291.262
329.243
318.249
316.250
306.255
304.256
302.257
289.263
336.239
300.258
331.242
322.247
298.259
333.241
324.246
296.260
326.245
335.240
328.244
330.243
309.254
307.255
305.256
292.262
303.257
290.263
332.242
301.258
299.259
334.241
325.246
327.245
297.260
336.240
329.244
295.261
331.243
293.262
333.242
306.256
304.257
302.258
291.263
335.241
326.246
300.259
289.264
328.245
337.240
330.244
332.243
334.242
294.262
292.263
336.241
329.245
327.246
338.240
290.264
331.244
333.243
335.242
295.262
328.246
337.241
330.245
293.263
339.240
332.244
291.264
334.243
336.242
338.241
329.246
331.245
340.240
333.244
294.263
335.243
337.242
339.241
330.246
332.245
341.240
334.244
336.243
338.242
340.241
331.246
333.245
342.240
335.244
337.243
339.242
341.241
332.246
343.240
334.245
336.244
338.243
340.242
342.241
333.246
344.240
335.245
337.244
339.243
341.242
343.241
334.246
345.240
336.245
338.244
340.243
342.242
344.241
335.246
337.245
339.244
341.243
343.242
345.241
340.244
