110.299
111.298
111.299
112.297
112.298
112.299
113.296
113.297
113.298
113.299
114.296
114.297
114.298
114.299
115.295
115.296
115.297
115.298
115.299
116.295
116.296
116.297
116.298
116.299
117.294
117.295
117.296
117.297
117.298
117.299
118.293
118.294
118.295
118.296
118.297
118.298
118.299
119.293
119.294
119.295
119.296
119.297
119.298
119.299
120.292
120.293
120.294
120.295
120.296
120.297
120.298
120.299
121.292
121.293
121.294
121.295
121.296
121.297
121.298
121.299
122.291
122.292
122.293
122.294
122.295
122.296
122.297
122.298
122.299
123.290
123.291
123.292
123.293
123.294
123.295
123.296
123.297
123.298
123.299
124.289
124.290
124.291
124.292
124.293
124.294
124.295
124.296
124.297
124.298
124.299
125.289
125.290
125.291
125.292
125.293
125.294
125.295
125.296
125.297
125.298
125.299
126.288
126.289
126.290
126.291
126.292
126.293
126.294
126.295
126.296
126.297
126.298
126.299
127.287
127.288
127.289
127.290
127.291
127.292
127.293
127.294
127.295
127.296
127.297
127.298
127.299
128.287
128.288
128.289
128.290
128.291
128.292
128.293
128.294
128.295
128.296
128.297
128.298
129.286
129.287
129.288
129.289
129.290
129.291
129.292
129.293
129.294
129.295
129.296
129.297
129.298
129.299
130.285
130.286
130.287
130.288
130.289
130.290
130.291
130.292
130.293
130.294
130.295
130.296
130.297
130.298
130.299
131.285
131.286
131.287
131.288
131.289
131.290
131.291
131.292
131.293
131.294
131.295
131.296
131.297
131.298
131.299
132.285
132.286
132.287
132.288
132.289
132.290
132.291
132.292
132.293
132.294
132.295
132.296
132.297
132.298
132.299
133.284
133.285
133.286
133.287
133.288
133.289
133.290
133.291
133.292
133.293
133.294
133.295
133.296
133.297
133.298
133.299
134.283
134.284
134.285
134.286
134.287
134.288
134.289
134.290
134.291
134.292
134.293
134.294
134.295
134.296
134.297
134.298
134.299
135.283
135.284
135.285
135.286
135.287
135.288
135.289
135.290
135.291
135.292
135.293
135.294
135.295
135.296
135.297
135.298
135.299
136.282
136.283
136.284
136.285
136.286
136.287
136.288
136.289
136.290
136.291
136.292
136.293
136.294
136.295
136.296
136.297
136.298
136.299
137.282
137.283
137.284
137.285
137.286
137.287
137.288
137.289
137.290
137.291
137.292
137.293
137.294
137.295
137.296
137.297
137.298
137.299
138.281
138.282
138.283
138.284
138.285
138.286
138.287
138.288
138.289
138.290
138.291
138.292
138.293
138.294
138.295
138.296
138.297
138.298
139.281
139.282
139.283
139.284
139.285
139.286
139.287
139.288
139.289
139.290
139.291
139.292
139.293
139.294
139.295
139.296
139.297
139.298
140.280
140.281
140.282
140.283
140.284
140.285
140.286
140.287
140.288
140.289
140.290
140.291
140.292
140.293
140.294
140.295
140.296
140.297
141.280
141.281
141.282
141.283
141.284
141.285
141.286
141.287
141.288
141.289
141.290
141.291
141.292
141.293
141.294
141.295
141.296
141.297
142.279
142.280
142.281
142.282
142.283
142.284
142.285
142.286
142.287
142.288
142.289
142.290
142.291
142.292
142.293
142.294
142.295
142.296
143.278
143.279
143.280
143.281
143.282
143.283
143.284
143.285
143.286
143.287
143.288
143.289
143.290
143.291
143.292
143.293
143.294
143.295
144.278
144.279
144.280
144.281
144.282
144.283
144.284
144.285
144.286
144.287
144.288
144.289
144.290
144.291
144.292
144.293
144.294
144.295
145.277
145.278
145.279
145.280
145.281
145.282
145.283
145.284
145.285
145.286
145.287
145.288
145.289
145.290
145.291
145.292
145.293
145.294
146.277
146.278
146.279
146.280
146.281
146.282
146.283
146.284
146.285
146.286
146.287
146.288
146.289
146.290
146.291
146.292
146.293
147.276
147.277
147.278
147.279
147.280
147.281
147.282
147.283
147.284
147.285
147.286
147.287
147.288
147.289
147.290
147.291
147.292
148.276
148.277
148.278
148.279
148.280
148.281
148.282
148.283
148.284
148.285
148.286
148.287
148.288
148.289
148.290
148.291
148.292
149.276
149.277
149.278
149.279
149.280
149.281
149.282
149.283
149.284
149.285
149.286
149.287
149.288
149.289
149.290
149.291
149.292
150.275
150.276
150.277
150.278
150.279
150.280
150.281
150.282
150.283
150.284
150.285
150.286
150.287
150.288
150.289
150.290
150.291
151.274
151.275
151.276
151.277
151.278
151.279
151.280
151.281
151.282
151.283
151.284
151.285
151.286
151.287
151.288
151.289
151.290
151.291
152.273
152.274
152.275
152.276
152.277
152.278
152.279
152.280
152.281
152.282
152.283
152.284
152.285
152.286
152.287
152.288
152.289
152.290
153.273
153.274
153.275
153.276
153.277
153.278
153.279
153.280
153.281
153.282
153.283
153.284
153.285
153.286
153.287
153.288
153.289
154.272
154.273
154.274
154.275
154.276
154.277
154.278
154.279
154.280
154.281
154.282
154.283
154.284
154.285
154.286
154.287
154.288
155.271
155.272
155.273
155.274
155.275
155.276
155.277
155.278
155.279
155.280
155.281
155.282
155.283
155.284
155.285
155.286
155.287
156.270
156.271
156.272
156.273
156.274
156.275
156.276
156.277
156.278
156.279
156.280
156.281
156.282
156.283
156.284
156.285
156.286
156.287
157.270
157.271
157.272
157.273
157.274
157.275
157.276
157.277
157.278
157.279
157.280
157.281
157.282
157.283
157.284
157.285
157.286
157.287
158.270
158.271
158.272
158.273
158.274
158.275
158.276
158.277
158.278
158.279
158.280
158.281
158.282
158.283
158.284
158.285
158.286
159.269
159.270
159.271
159.272
159.273
159.274
159.275
159.276
159.277
159.278
159.279
159.280
159.281
159.282
159.283
159.284
159.285
159.286
160.268
160.269
160.270
160.271
160.272
160.273
160.274
160.275
160.276
160.277
160.278
160.279
160.280
160.281
160.282
160.283
160.284
160.285
161.267
161.268
161.269
161.270
161.271
161.272
161.273
161.274
161.275
161.276
161.277
161.278
161.279
161.280
161.281
161.282
161.283
161.284
161.285
162.266
162.267
162.268
162.269
162.270
162.271
162.272
162.273
162.274
162.275
162.276
162.277
162.278
162.279
162.280
162.281
162.282
162.283
162.284
163.266
163.267
163.268
163.269
163.270
163.271
163.272
163.273
163.274
163.275
163.276
163.277
163.278
163.279
163.280
163.281
163.282
163.283
164.266
164.267
164.268
164.269
164.270
164.271
164.272
164.273
164.274
164.275
164.276
164.277
164.278
164.279
164.280
164.281
164.282
164.283
165.265
165.266
165.267
165.268
165.269
165.270
165.271
165.272
165.273
165.274
165.275
165.276
165.277
165.278
165.279
165.280
165.281
165.282
166.264
166.265
166.266
166.267
166.268
166.269
166.270
166.271
166.272
166.273
166.274
166.275
166.276
166.277
166.278
166.279
166.280
166.281
166.282
167.263
167.264
167.265
167.266
167.267
167.268
167.269
167.270
167.271
167.272
167.273
167.274
167.275
167.276
167.277
167.278
167.279
167.280
167.281
168.263
168.264
168.265
168.266
168.267
168.268
168.269
168.270
168.271
168.272
168.273
168.274
168.275
168.276
168.277
168.278
168.279
168.280
168.281
169.262
169.263
169.264
169.265
169.266
169.267
169.268
169.269
169.270
169.271
169.272
169.273
169.274
169.275
169.276
169.277
169.278
169.279
169.280
170.262
170.263
170.264
170.265
170.266
170.267
170.268
170.269
170.270
170.271
170.272
170.273
170.274
170.275
170.276
170.277
170.278
170.279
171.261
171.262
171.263
171.264
171.265
171.266
171.267
171.268
171.269
171.270
171.271
171.272
171.273
171.274
171.275
171.276
171.277
171.278
171.279
172.260
172.261
172.262
172.263
172.264
172.265
172.266
172.267
172.268
172.269
172.270
172.271
172.272
172.273
172.274
172.275
172.276
172.277
172.278
172.279
173.259
173.260
173.261
173.262
173.263
173.264
173.265
173.266
173.267
173.268
173.269
173.270
173.271
173.272
173.273
173.274
173.275
173.276
173.277
173.278
173.279
174.259
174.260
174.261
174.262
174.263
174.264
174.265
174.266
174.267
174.268
174.269
174.270
174.271
174.272
174.273
174.274
174.275
174.276
174.277
174.278
174.279
175.258
175.259
175.260
175.261
175.262
175.263
175.264
175.265
175.266
175.267
175.268
175.269
175.270
175.271
175.272
175.273
175.274
175.275
175.276
175.277
175.278
175.279
176.258
176.259
176.260
176.261
176.262
176.263
176.264
176.265
176.266
176.267
176.268
176.269
176.270
176.271
176.272
176.273
176.274
176.275
176.276
176.277
176.278
176.279
177.257
177.258
177.259
177.260
177.261
177.262
177.263
177.264
177.265
177.266
177.267
177.268
177.269
177.270
177.271
177.272
177.273
177.274
177.275
177.276
177.277
177.278
177.279
178.257
178.258
178.259
178.260
178.261
178.262
178.263
178.264
178.265
178.266
178.267
178.268
178.269
178.270
178.271
178.272
178.273
178.274
178.275
178.276
178.277
178.278
178.279
179.256
179.257
179.258
179.259
179.260
179.261
179.262
179.263
179.264
179.265
179.266
179.267
179.268
179.269
179.270
179.271
179.272
179.273
179.274
179.275
179.276
179.277
179.278
179.279
180.255
180.256
180.257
180.258
180.259
180.260
180.261
180.262
180.263
180.264
180.265
180.266
180.267
180.268
180.269
180.270
180.271
180.272
180.273
180.274
180.275
180.276
180.277
180.278
180.279
181.254
181.255
181.256
181.257
181.258
181.259
181.260
181.261
181.262
181.263
181.264
181.265
181.266
181.267
181.268
181.269
181.270
181.271
181.272
181.273
181.274
181.275
181.276
181.277
181.278
181.279
182.253
182.254
182.255
182.256
182.257
182.258
182.259
182.260
182.261
182.262
182.263
182.264
182.265
182.266
182.267
182.268
182.269
182.270
182.271
182.272
182.273
182.274
182.275
182.276
182.277
182.278
182.279
183.252
183.253
183.254
183.255
183.256
183.257
183.258
183.259
183.260
183.261
183.262
183.263
183.264
183.265
183.266
183.267
183.268
183.269
183.270
183.271
183.272
183.273
183.274
183.275
183.276
183.277
183.278
183.279
184.252
184.253
184.254
184.255
184.256
184.257
184.258
184.259
184.260
184.261
184.262
184.263
184.264
184.265
184.266
184.267
184.268
184.269
184.270
184.271
184.272
184.273
184.274
184.275
184.276
184.277
184.278
184.279
185.251
185.252
185.253
185.254
185.255
185.256
185.257
185.258
185.259
185.260
185.261
185.262
185.263
185.264
185.265
185.266
185.267
185.268
185.269
185.270
185.271
185.272
185.273
185.274
185.275
185.276
185.277
185.278
185.279
186.251
186.252
186.253
186.254
186.255
186.256
186.257
186.258
186.259
186.260
186.261
186.262
186.263
186.264
186.265
186.266
186.267
186.268
186.269
186.270
186.271
186.272
186.273
186.274
186.275
186.276
186.277
186.278
186.279
186.285
187.250
187.251
187.252
187.253
187.254
187.255
187.256
187.257
187.258
187.259
187.260
187.261
187.262
187.263
187.264
187.265
187.266
187.267
187.268
187.269
187.270
187.271
187.272
187.273
187.274
187.275
187.276
187.277
187.278
187.279
187.284
187.285
188.250
188.251
188.252
188.253
188.254
188.255
188.256
188.257
188.258
188.259
188.260
188.261
188.262
188.263
188.264
188.265
188.266
188.267
188.268
188.269
188.270
188.271
188.272
188.273
188.274
188.275
188.276
188.277
188.278
188.279
188.284
188.285
189.250
189.251
189.252
189.253
189.254
189.255
189.256
189.257
189.258
189.259
189.260
189.261
189.262
189.263
189.264
189.265
189.266
189.267
189.268
189.269
189.270
189.271
189.272
189.273
189.274
189.275
189.276
189.277
189.278
189.279
189.283
189.284
189.285
190.249
190.250
190.251
190.252
190.253
190.254
190.255
190.256
190.257
190.258
190.259
190.260
190.261
190.262
190.263
190.264
190.265
190.266
190.267
190.268
190.269
190.270
190.271
190.272
190.273
190.274
190.275
190.276
190.277
190.278
190.279
190.283
190.284
190.285
191.248
191.249
191.250
191.251
191.252
191.253
191.254
191.255
191.256
191.257
191.258
191.259
191.260
191.261
191.262
191.263
191.264
191.265
191.266
191.267
191.268
191.269
191.270
191.271
191.272
191.273
191.274
191.275
191.276
191.277
191.278
191.279
191.282
191.283
191.284
191.285
192.248
192.249
192.250
192.251
192.252
192.253
192.254
192.255
192.256
192.257
192.258
192.259
192.260
192.261
192.262
192.263
192.264
192.265
192.266
192.267
192.268
192.269
192.270
192.271
192.272
192.273
192.274
192.275
192.276
192.277
192.278
192.279
192.282
192.283
192.284
193.247
193.248
193.249
193.250
193.251
193.252
193.253
193.254
193.255
193.256
193.257
193.258
193.259
193.260
193.261
193.262
193.263
193.264
193.265
193.266
193.267
193.268
193.269
193.270
193.271
193.272
193.273
193.274
193.275
193.276
193.277
193.278
193.279
193.281
193.282
193.283
193.284
194.246
194.247
194.248
194.249
194.250
194.251
194.252
194.253
194.254
194.255
194.256
194.257
194.258
194.259
194.260
194.261
194.262
194.263
194.264
194.265
194.266
194.267
194.268
194.269
194.270
194.271
194.272
194.273
194.274
194.275
194.276
194.277
194.278
194.279
194.280
194.281
194.282
194.283
195.245
195.246
195.247
195.248
195.249
195.250
195.251
195.252
195.253
195.254
195.255
195.256
195.257
195.258
195.259
195.260
195.261
195.262
195.263
195.264
195.265
195.266
195.267
195.268
195.269
195.270
195.271
195.272
195.273
195.274
195.275
195.276
195.277
195.278
195.279
195.280
195.281
195.282
195.283
196.244
196.245
196.246
196.247
196.248
196.249
196.250
196.251
196.252
196.253
196.254
196.255
196.256
196.257
196.258
196.259
196.260
196.261
196.262
196.263
196.264
196.265
196.266
196.267
196.268
196.269
196.270
196.271
196.272
196.273
196.274
196.275
196.276
196.277
196.278
196.279
196.280
196.281
196.282
196.283
197.243
197.244
197.245
197.246
197.247
197.248
197.249
197.250
197.251
197.252
197.253
197.254
197.255
197.256
197.257
197.258
197.259
197.260
197.261
197.262
197.263
197.264
197.265
197.266
197.267
197.268
197.269
197.270
197.271
197.272
197.273
197.274
197.275
197.276
197.277
197.278
197.279
197.280
197.281
197.282
198.242
198.243
198.244
198.245
198.246
198.247
198.248
198.249
198.250
198.251
198.252
198.253
198.254
198.255
198.256
198.257
198.258
198.259
198.260
198.261
198.262
198.263
198.264
198.265
198.266
198.267
198.268
198.269
198.270
198.271
198.272
198.273
198.274
198.275
198.276
198.277
198.278
198.279
198.280
198.281
198.282
199.242
199.243
199.244
199.245
199.246
199.247
199.248
199.249
199.250
199.251
199.252
199.253
199.254
199.255
199.256
199.257
199.258
199.259
199.260
199.261
199.262
199.263
199.264
199.265
199.266
199.267
199.268
199.269
199.270
199.271
199.272
199.273
199.274
199.275
199.276
199.277
199.278
199.279
199.280
199.281
200.241
200.242
200.243
200.244
200.245
200.246
200.247
200.248
200.249
200.250
200.251
200.252
200.253
200.254
200.255
200.256
200.257
200.258
200.259
200.260
200.261
200.262
200.263
200.264
200.265
200.266
200.267
200.268
200.269
200.270
200.271
200.272
200.273
200.274
200.275
200.276
200.277
200.278
200.279
200.280
200.281
201.240
201.241
201.242
201.243
201.244
201.245
201.246
201.247
201.248
201.249
201.250
201.251
201.252
201.253
201.254
201.255
201.256
201.257
201.258
201.259
201.260
201.261
201.262
201.263
201.264
201.265
201.266
201.267
201.268
201.269
201.270
201.271
201.272
201.273
201.274
201.275
201.276
201.277
201.278
201.279
201.280
202.239
202.240
202.241
202.242
202.243
202.244
202.245
202.246
202.247
202.248
202.249
202.250
202.251
202.252
202.253
202.254
202.255
202.256
202.257
202.258
202.259
202.260
202.261
202.262
202.263
202.264
202.265
202.266
202.267
202.268
202.269
202.270
202.271
202.272
202.273
202.274
202.275
202.276
202.277
202.278
202.279
202.280
203.239
203.240
203.241
203.242
203.243
203.244
203.245
203.246
203.247
203.248
203.249
203.250
203.251
203.252
203.253
203.254
203.255
203.256
203.257
203.258
203.259
203.260
203.261
203.262
203.263
203.264
203.265
203.266
203.267
203.268
203.269
203.270
203.271
203.272
203.273
203.274
203.275
203.276
203.277
203.278
203.279
204.238
204.239
204.240
204.241
204.242
204.243
204.244
204.245
204.246
204.247
204.248
204.249
204.250
204.251
204.252
204.253
204.254
204.255
204.256
204.257
204.258
204.259
204.260
204.261
204.262
204.263
204.264
204.265
204.266
204.267
204.268
204.269
204.270
204.271
204.272
204.273
204.274
204.275
204.276
204.277
204.278
204.279
205.238
205.239
205.240
205.241
205.242
205.243
205.244
205.245
205.246
205.247
205.248
205.249
205.250
205.251
205.252
205.253
205.254
205.255
205.256
205.257
205.258
205.259
205.260
205.261
205.262
205.263
205.264
205.265
205.266
205.267
205.268
205.269
205.270
205.271
205.272
205.273
205.274
205.275
205.276
205.277
205.278
206.238
206.239
206.240
206.241
206.242
206.243
206.244
206.245
206.246
206.247
206.248
206.249
206.250
206.251
206.252
206.253
206.254
206.255
206.256
206.257
206.258
206.259
206.260
206.261
206.262
206.263
206.264
206.265
206.266
206.267
206.268
206.269
206.270
206.271
206.272
206.273
206.274
206.275
206.276
206.277
206.278
207.238
207.239
207.240
207.241
207.242
207.243
207.244
207.245
207.246
207.247
207.248
207.249
207.250
207.251
207.252
207.253
207.254
207.255
207.256
207.257
207.258
207.259
207.260
207.261
207.262
207.263
207.264
207.265
207.266
207.267
207.268
207.269
207.270
207.271
207.272
207.273
207.274
207.275
207.276
207.277
208.238
208.239
208.240
208.241
208.242
208.243
208.244
208.245
208.246
208.247
208.248
208.249
208.250
208.251
208.252
208.253
208.254
208.255
208.256
208.257
208.258
208.259
208.260
208.261
208.262
208.263
208.264
208.265
208.266
208.267
208.268
208.269
208.270
208.271
208.272
208.273
208.274
208.275
208.276
208.277
209.238
209.239
209.240
209.241
209.242
209.243
209.244
209.245
209.246
209.247
209.248
209.249
209.250
209.251
209.252
209.253
209.254
209.255
209.256
209.257
209.258
209.259
209.260
209.261
209.262
209.263
209.264
209.265
209.266
209.267
209.268
209.269
209.270
209.271
209.272
209.273
209.274
209.275
209.276
210.238
210.239
210.240
210.241
210.242
210.243
210.244
210.245
210.246
210.247
210.248
210.249
210.250
210.251
210.252
210.253
210.254
210.255
210.256
210.257
210.258
210.259
210.260
210.261
210.262
210.263
210.264
210.265
210.266
210.267
210.268
210.269
210.270
210.271
210.272
210.273
210.274
210.275
210.276
211.238
211.239
211.240
211.241
211.242
211.243
211.244
211.245
211.246
211.247
211.248
211.249
211.250
211.251
211.252
211.253
211.254
211.255
211.256
211.257
211.258
211.259
211.260
211.261
211.262
211.263
211.264
211.265
211.266
211.267
211.268
211.269
211.270
211.271
211.272
211.273
211.274
211.275
212.238
212.239
212.240
212.241
212.242
212.243
212.244
212.245
212.246
212.247
212.248
212.249
212.250
212.251
212.252
212.253
212.254
212.255
212.256
212.257
212.258
212.259
212.260
212.261
212.262
212.263
212.264
212.265
212.266
212.267
212.268
212.269
212.270
212.271
212.272
212.273
212.274
212.275
213.238
213.239
213.240
213.241
213.242
213.243
213.244
213.245
213.246
213.247
213.248
213.249
213.250
213.251
213.252
213.253
213.254
213.255
213.256
213.257
213.258
213.259
213.260
213.261
213.262
213.263
213.264
213.265
213.266
213.267
213.268
213.269
213.270
213.271
213.272
213.273
213.274
214.238
214.239
214.240
214.241
214.242
214.243
214.244
214.245
214.246
214.247
214.248
214.249
214.250
214.251
214.252
214.253
214.254
214.255
214.256
214.257
214.258
214.259
214.260
214.261
214.262
214.263
214.264
214.265
214.266
214.267
214.268
214.269
214.270
214.271
214.272
214.273
214.274
215.238
215.239
215.240
215.241
215.242
215.243
215.244
215.245
215.246
215.247
215.248
215.249
215.250
215.251
215.252
215.253
215.254
215.255
215.256
215.257
215.258
215.259
215.260
215.261
215.262
215.263
215.264
215.265
215.266
215.267
215.268
215.269
215.270
215.271
215.272
215.273
216.238
216.239
216.240
216.241
216.242
216.243
216.244
216.245
216.246
216.247
216.248
216.249
216.250
216.251
216.252
216.253
216.254
216.255
216.256
216.257
216.258
216.259
216.260
216.261
216.262
216.263
216.264
216.265
216.266
216.267
216.268
216.269
216.270
216.271
216.272
216.273
217.238
217.239
217.240
217.241
217.242
217.243
217.244
217.245
217.246
217.247
217.248
217.249
217.250
217.251
217.252
217.253
217.254
217.255
217.256
217.257
217.258
217.259
217.260
217.261
217.262
217.263
217.264
217.265
217.266
217.267
217.268
217.269
217.270
217.271
217.272
218.238
218.239
218.240
218.241
218.242
218.243
218.244
218.245
218.246
218.247
218.248
218.249
218.250
218.251
218.252
218.253
218.254
218.255
218.256
218.257
218.258
218.259
218.260
218.261
218.262
218.263
218.264
218.265
218.266
218.267
218.268
218.269
218.270
218.271
218.272
219.238
219.239
219.240
219.241
219.242
219.243
219.244
219.245
219.246
219.247
219.248
219.249
219.250
219.251
219.252
219.253
219.254
219.255
219.256
219.257
219.258
219.259
219.260
219.261
219.262
219.263
219.264
219.265
219.266
219.267
219.268
219.269
219.270
219.271
220.238
220.239
220.240
220.241
220.242
220.243
220.244
220.245
220.246
220.247
220.248
220.249
220.250
220.251
220.252
220.253
220.254
220.255
220.256
220.257
220.258
220.259
220.260
220.261
220.262
220.263
220.264
220.265
220.266
220.267
220.268
220.269
220.270
220.271
221.238
221.239
221.240
221.241
221.242
221.243
221.244
221.245
221.246
221.247
221.248
221.249
221.250
221.251
221.252
221.253
221.254
221.255
221.256
221.257
221.258
221.259
221.260
221.261
221.262
221.263
221.264
221.265
221.266
221.267
221.268
221.269
221.270
222.238
222.239
222.240
222.241
222.242
222.243
222.244
222.245
222.246
222.247
222.248
222.249
222.250
222.251
222.252
222.253
222.254
222.255
222.256
222.257
222.258
222.259
222.260
222.261
222.262
222.263
222.264
222.265
222.266
222.267
222.268
222.269
222.270
223.238
223.239
223.240
223.241
223.242
223.243
223.244
223.245
223.246
223.247
223.248
223.249
223.250
223.251
223.252
223.253
223.254
223.255
223.256
223.257
223.258
223.259
223.260
223.261
223.262
223.263
223.264
223.265
223.266
223.267
223.268
223.269
224.238
224.239
224.240
224.241
224.242
224.243
224.244
224.245
224.246
224.247
224.248
224.249
224.250
224.251
224.252
224.253
224.254
224.255
224.256
224.257
224.258
224.259
224.260
224.261
224.262
224.263
224.264
224.265
224.266
224.267
224.268
224.269
225.238
225.239
225.240
225.241
225.242
225.243
225.244
225.245
225.246
225.247
225.248
225.249
225.250
225.251
225.252
225.253
225.254
225.255
225.256
225.257
225.258
225.259
225.260
225.261
225.262
225.263
225.264
225.265
225.266
225.267
225.268
226.238
226.239
226.240
226.241
226.242
226.243
226.244
226.245
226.246
226.247
226.248
226.249
226.250
226.251
226.252
226.253
226.254
226.255
226.256
226.257
226.258
226.259
226.260
226.261
226.262
226.263
226.264
226.265
226.266
226.267
226.268
227.238
227.239
227.240
227.241
227.242
227.243
227.244
227.245
227.246
227.247
227.248
227.249
227.250
227.251
227.252
227.253
227.254
227.255
227.256
227.257
227.258
227.259
227.260
227.261
227.262
227.263
227.264
227.265
227.266
227.267
228.238
228.239
228.240
228.241
228.242
228.243
228.244
228.245
228.246
228.247
228.248
228.249
228.250
228.251
228.252
228.253
228.254
228.255
228.256
228.257
228.258
228.259
228.260
228.261
228.262
228.263
228.264
228.265
228.266
228.267
229.238
229.239
229.240
229.241
229.242
229.243
229.244
229.245
229.246
229.247
229.248
229.249
229.250
229.251
229.252
229.253
229.254
229.255
229.256
229.257
229.258
229.259
229.260
229.261
229.262
229.263
229.264
229.265
229.266
230.238
230.239
230.240
230.241
230.242
230.243
230.244
230.245
230.246
230.247
230.248
230.249
230.250
230.251
230.252
230.253
230.254
230.255
230.256
230.257
230.258
230.259
230.260
230.261
230.262
230.263
230.264
230.265
230.266
231.238
231.239
231.240
231.241
231.242
231.243
231.244
231.245
231.246
231.247
231.248
231.249
231.250
231.251
231.252
231.253
231.254
231.255
231.256
231.257
231.258
231.259
231.260
231.261
231.262
231.263
231.264
231.265
232.238
232.239
232.240
232.241
232.242
232.243
232.244
232.245
232.246
232.247
232.248
232.249
232.250
232.251
232.252
232.253
232.254
232.255
232.256
232.257
232.258
232.259
232.260
232.261
232.262
232.263
232.264
232.265
233.238
233.239
233.240
233.241
233.242
233.243
233.244
233.245
233.246
233.247
233.248
233.249
233.250
233.251
233.252
233.253
233.254
233.255
233.256
233.257
233.258
233.259
233.260
233.261
233.262
233.263
233.264
234.238
234.239
234.240
234.241
234.242
234.243
234.244
234.245
234.246
234.247
234.248
234.249
234.250
234.251
234.252
234.253
234.254
234.255
234.256
234.257
234.258
234.259
234.260
234.261
234.262
234.263
234.264
235.238
235.239
235.240
235.241
235.242
235.243
235.244
235.245
235.246
235.247
235.248
235.249
235.250
235.251
235.252
235.253
235.254
235.255
235.256
235.257
235.258
235.259
235.260
235.261
235.262
235.263
236.238
236.239
236.240
236.241
236.242
236.243
236.244
236.245
236.246
236.247
236.248
236.249
236.250
236.251
236.252
236.253
236.254
236.255
236.256
236.257
236.258
236.259
236.260
236.261
236.262
237.238
237.239
237.240
237.241
237.242
237.243
237.244
237.245
237.246
237.247
237.248
237.249
237.250
237.251
237.252
237.253
237.254
237.255
237.256
237.257
237.258
237.259
237.260
237.261
237.262
238.238
238.239
238.240
238.241
238.242
238.243
238.244
238.245
238.246
238.247
238.248
238.249
238.250
238.251
238.252
238.253
238.254
238.255
238.256
238.257
238.258
238.259
238.260
238.261
239.238
239.239
239.240
239.241
239.242
239.243
239.244
239.245
239.246
239.247
239.248
239.249
239.250
239.251
239.252
239.253
239.254
239.255
239.256
239.257
239.258
239.259
239.260
239.261
240.238
240.239
240.240
240.241
240.242
240.243
240.244
240.245
240.246
240.247
240.248
240.249
240.250
240.251
240.252
240.253
240.254
240.255
240.256
240.257
240.258
240.259
240.260
241.238
241.239
241.240
241.241
241.242
241.243
241.244
241.245
241.246
241.247
241.248
241.249
241.250
241.251
241.252
241.253
241.254
241.255
241.256
241.257
241.258
241.259
241.260
242.238
242.239
242.240
242.241
242.242
242.243
242.244
242.245
242.246
242.247
242.248
242.249
242.250
242.251
242.252
242.253
242.254
242.255
242.256
242.257
242.258
242.259
243.238
243.239
243.240
243.241
243.242
243.243
243.244
243.245
243.246
243.247
243.248
243.249
243.250
243.251
243.252
243.253
243.254
243.255
243.256
243.257
243.258
243.259
244.238
244.239
244.240
244.241
244.242
244.243
244.244
244.245
244.246
244.247
244.248
244.249
244.250
244.251
244.252
244.253
244.254
244.255
244.256
244.257
244.258
245.238
245.239
245.240
245.241
245.242
245.243
245.244
245.245
245.246
245.247
245.248
245.249
245.250
245.251
245.252
245.253
245.254
245.255
245.256
245.257
246.239
246.240
246.241
246.242
246.243
246.244
246.245
246.246
246.247
246.248
246.249
246.250
246.251
246.252
246.253
246.254
246.255
246.256
246.257
247.239
247.240
247.241
247.242
247.243
247.244
247.245
247.246
247.247
247.248
247.249
247.250
247.251
247.252
247.253
247.254
247.255
247.256
248.239
248.240
248.241
248.242
248.243
248.244
248.245
248.246
248.247
248.248
248.249
248.250
248.251
248.252
248.253
248.254
248.255
248.256
249.238
249.239
249.240
249.241
249.242
249.243
249.244
249.245
249.246
249.247
249.248
249.249
249.250
249.251
249.252
249.253
249.254
249.255
250.238
250.239
250.240
250.241
250.242
250.243
250.244
250.245
250.246
250.247
250.248
250.249
250.250
250.251
250.252
250.253
250.254
251.238
251.239
251.240
251.241
251.242
251.243
251.244
251.245
251.246
251.247
251.248
251.249
251.250
251.251
251.252
251.253
252.238
252.239
252.240
252.241
252.242
252.243
252.244
252.245
252.246
252.247
252.248
252.249
252.250
252.251
252.252
252.253
253.238
253.239
253.240
253.241
253.242
253.243
253.244
253.245
253.246
253.247
253.248
253.249
253.250
253.251
253.252
254.238
254.239
254.240
254.241
254.242
254.243
254.244
254.245
254.246
254.247
254.248
254.249
254.250
254.251
255.238
255.239
255.240
255.241
255.242
255.243
255.244
255.245
255.246
255.247
255.248
255.249
255.250
255.251
256.238
256.239
256.240
256.241
256.242
256.243
256.244
256.245
256.246
256.247
256.248
256.249
256.250
256.251
257.238
257.239
257.240
257.241
257.242
257.243
257.244
257.245
257.246
257.247
257.248
257.249
257.250
258.238
258.239
258.240
258.241
258.242
258.243
258.244
258.245
258.246
258.247
258.248
258.249
258.250
259.238
259.239
259.240
259.241
259.242
259.243
259.244
259.245
259.246
259.247
259.248
259.249
260.238
260.239
260.240
260.241
260.242
260.243
260.244
260.245
260.246
260.247
260.248
261.238
261.239
261.240
261.241
261.242
261.243
261.244
261.245
261.246
261.247
261.248
262.238
262.239
262.240
262.241
262.242
262.243
262.244
262.245
262.246
262.247
263.238
263.239
263.240
263.241
263.242
263.243
263.244
263.245
263.246
264.238
264.239
264.240
264.241
264.242
264.243
264.244
264.245
265.238
265.239
265.240
265.241
265.242
265.243
265.244
266.238
266.239
266.240
266.241
266.242
266.243
266.244
267.238
267.239
267.240
267.241
267.242
267.243
268.238
268.239
268.240
268.241
268.242
268.243
269.238
269.239
269.240
269.241
269.242
270.238
270.239
270.240
270.241
271.238
271.239
271.240
272.238
272.239
