000.238
000.239
000.240
000.241
000.242
000.243
000.244
000.245
000.246
000.247
000.248
000.249
000.250
000.251
000.252
000.253
000.254
000.255
001.238
001.239
001.240
001.241
001.242
001.243
001.244
001.245
001.246
001.247
001.248
001.249
001.250
001.251
001.252
001.253
001.254
001.255
002.238
002.239
002.240
002.241
002.242
002.243
002.244
002.245
002.246
002.247
002.248
002.249
002.250
002.251
002.252
002.253
002.254
002.255
003.238
003.239
003.240
003.241
003.242
003.243
003.244
003.245
003.246
003.247
003.248
003.249
003.250
003.251
003.252
003.253
003.254
003.255
004.238
004.239
004.240
004.241
004.242
004.243
004.244
004.245
004.246
004.247
004.248
004.249
004.250
004.251
004.252
004.253
004.254
004.255
005.238
005.239
005.240
005.241
005.242
005.243
005.244
005.245
005.246
005.247
005.248
005.249
005.250
005.251
005.252
005.253
005.254
005.255
006.238
006.239
006.240
006.241
006.242
006.243
006.244
006.245
006.246
006.247
006.248
006.249
006.250
006.251
006.252
006.253
006.254
006.255
007.238
007.239
007.240
007.241
007.242
007.243
007.244
007.245
007.246
007.247
007.248
007.249
007.250
007.251
007.252
007.253
007.254
007.255
008.238
008.239
008.240
008.241
008.242
008.243
008.244
008.245
008.246
008.247
008.248
008.249
008.250
008.251
008.252
008.253
008.254
008.255
009.238
009.239
009.240
009.241
009.242
009.243
009.244
009.245
009.246
009.247
009.248
009.249
009.250
009.251
009.252
009.253
009.254
009.255
010.238
010.239
010.240
010.241
010.242
010.243
010.244
010.245
010.246
010.247
010.248
010.249
010.250
010.251
010.252
010.253
010.254
010.255
011.238
011.239
011.240
011.241
011.242
011.243
011.244
011.245
011.246
011.247
011.248
011.249
011.250
011.251
011.252
011.253
011.254
011.255
012.238
012.239
012.240
012.241
012.242
012.243
012.244
012.245
012.246
012.247
012.248
012.249
012.250
012.251
012.252
012.253
012.254
012.255
013.238
013.239
013.240
013.241
013.242
013.243
013.244
013.245
013.246
013.247
013.248
013.249
013.250
013.251
013.252
013.253
013.254
013.255
014.238
014.239
014.240
014.241
014.242
014.243
014.244
014.245
014.246
014.247
014.248
014.249
014.250
014.251
014.252
014.253
014.254
014.255
015.238
015.239
015.240
015.241
015.242
015.243
015.244
015.245
015.246
015.247
015.248
015.249
015.250
015.251
015.252
015.253
015.254
015.255
016.238
016.239
016.240
016.241
016.242
016.243
016.244
016.245
016.246
016.247
016.248
016.249
016.250
016.251
016.252
016.253
016.254
016.255
017.238
017.239
017.240
017.241
017.242
017.243
017.244
017.245
017.246
017.247
017.248
017.249
017.250
017.251
017.252
017.253
017.254
017.255
018.238
018.239
018.240
018.241
018.242
018.243
018.244
018.245
018.246
018.247
018.248
018.249
018.250
018.251
018.252
018.253
018.254
018.255
019.238
019.239
019.240
019.241
019.242
019.243
019.244
019.245
019.246
019.247
019.248
019.249
019.250
019.251
019.252
019.253
019.254
019.255
020.238
020.239
020.240
020.241
020.242
020.243
020.244
020.245
020.246
020.247
020.248
020.249
020.250
020.251
020.252
020.253
020.254
020.255
021.238
021.239
021.240
021.241
021.242
021.243
021.244
021.245
021.246
021.247
021.248
021.249
021.250
021.251
021.252
021.253
021.254
021.255
022.238
022.239
022.240
022.241
022.242
022.243
022.244
022.245
022.246
022.247
022.248
022.249
022.250
022.251
022.252
022.253
022.254
022.255
023.238
023.239
023.240
023.241
023.242
023.243
023.244
023.245
023.246
023.247
023.248
023.249
023.250
023.251
023.252
023.253
023.254
023.255
024.238
024.239
024.240
024.241
024.242
024.243
024.244
024.245
024.246
024.247
024.248
024.249
024.250
024.251
024.252
024.253
024.254
024.255
025.238
025.239
025.240
025.241
025.242
025.243
025.244
025.245
025.246
025.247
025.248
025.249
025.250
025.251
025.252
025.253
025.254
025.255
026.238
026.239
026.240
026.241
026.242
026.243
026.244
026.245
026.246
026.247
026.248
026.249
026.250
026.251
026.252
026.253
026.254
026.255
027.238
027.239
027.240
027.241
027.242
027.243
027.244
027.245
027.246
027.247
027.248
027.249
027.250
027.251
027.252
027.253
027.254
027.255
028.238
028.239
028.240
028.241
028.242
028.243
028.244
028.245
028.246
028.247
028.248
028.249
028.250
028.251
028.252
028.253
028.254
028.255
029.238
029.239
029.240
029.241
029.242
029.243
029.244
029.245
029.246
029.247
029.248
029.249
029.250
029.251
029.252
029.253
029.254
029.255
030.238
030.239
030.240
030.241
030.242
030.243
030.244
030.245
030.246
030.247
030.248
030.249
030.250
030.251
030.252
030.253
030.254
030.255
031.238
031.239
031.240
031.241
031.242
031.243
031.244
031.245
031.246
031.247
031.248
031.249
031.250
031.251
031.252
031.253
031.254
031.255
032.238
032.239
032.240
032.241
032.242
032.243
032.244
032.245
032.246
032.247
032.248
032.249
032.250
032.251
032.252
032.253
032.254
032.255
033.238
033.239
033.240
033.241
033.242
033.243
033.244
033.245
033.246
033.247
033.248
033.249
033.250
033.251
033.252
033.253
033.254
033.255
034.238
034.239
034.240
034.241
034.242
034.243
034.244
034.245
034.246
034.247
034.248
034.249
034.250
034.251
034.252
034.253
034.254
034.255
035.238
035.239
035.240
035.241
035.242
035.243
035.244
035.245
035.246
035.247
035.248
035.249
035.250
035.251
035.252
035.253
035.254
035.255
036.238
036.239
036.240
036.241
036.242
036.243
036.244
036.245
036.246
036.247
036.248
036.249
036.250
036.251
036.252
036.253
037.238
037.239
037.240
037.241
037.242
037.243
037.244
037.245
037.246
037.247
037.248
037.249
037.250
037.251
037.252
037.253
038.238
038.239
038.240
038.241
038.242
038.243
038.244
038.245
038.246
038.247
038.248
038.249
038.250
038.251
038.252
038.253
039.238
039.239
039.240
039.241
039.242
039.243
039.244
039.245
039.246
039.247
039.248
039.249
039.250
039.251
039.252
039.253
040.238
040.239
040.240
040.241
040.242
040.243
040.244
040.245
040.246
040.247
040.248
040.249
040.250
040.251
040.252
040.253
041.238
041.239
041.240
041.241
041.242
041.243
041.244
041.245
041.246
041.247
041.248
041.249
041.250
041.251
041.252
041.253
042.238
042.239
042.240
042.241
042.242
042.243
042.244
042.245
042.246
042.247
042.248
042.249
042.250
042.251
042.252
042.253
043.238
043.239
043.240
043.241
043.242
043.243
043.244
043.245
043.246
043.247
043.248
043.249
043.250
043.251
043.252
043.253
044.238
044.239
044.240
044.241
044.242
044.243
044.244
044.245
044.246
044.247
044.248
044.249
044.250
044.251
044.252
044.253
045.238
045.239
045.240
045.241
045.242
045.243
045.244
045.245
045.246
045.247
045.248
045.249
045.250
045.251
045.252
045.253
046.238
046.239
046.240
046.241
046.242
046.243
046.244
046.245
046.246
046.247
046.248
046.249
046.250
046.251
046.252
046.253
047.238
047.239
047.240
047.241
047.242
047.243
047.244
047.245
047.246
047.247
047.248
047.249
047.250
047.251
047.252
047.253
048.238
048.239
048.240
048.241
048.242
048.243
048.244
048.245
048.246
048.247
048.248
048.249
048.250
048.251
048.252
048.253
049.238
049.239
049.240
049.241
049.242
049.243
049.244
049.245
049.246
049.247
049.248
049.249
049.250
049.251
050.238
050.239
050.240
050.241
050.242
050.243
050.244
050.245
050.246
050.247
050.248
050.249
050.250
050.251
051.238
051.239
051.240
051.241
051.242
051.243
051.244
051.245
051.246
051.247
051.248
051.249
051.250
051.251
052.238
052.239
052.240
052.241
052.242
052.243
052.244
052.245
052.246
052.247
052.248
052.249
052.250
052.251
053.238
053.239
053.240
053.241
053.242
053.243
053.244
053.245
053.246
053.247
053.248
053.249
053.250
053.251
054.238
054.239
054.240
054.241
054.242
054.243
054.244
054.245
054.246
054.247
054.248
054.249
054.250
054.251
055.238
055.239
055.240
055.241
055.242
055.243
055.244
055.245
055.246
055.247
055.248
055.249
055.250
055.251
056.238
056.239
056.240
056.241
056.242
056.243
056.244
056.245
056.246
056.247
056.248
056.249
056.250
056.251
057.238
057.239
057.240
057.241
057.242
057.243
057.244
057.245
057.246
057.247
057.248
057.249
057.250
058.238
058.239
058.240
058.241
058.242
058.243
058.244
058.245
058.246
058.247
058.248
058.249
058.250
059.238
059.239
059.240
059.241
059.242
059.243
059.244
059.245
059.246
059.247
059.248
059.249
059.250
060.238
060.239
060.240
060.241
060.242
060.243
060.244
060.245
060.246
060.247
060.248
060.249
060.250
061.238
061.239
061.240
061.241
061.242
061.243
061.244
061.245
061.246
061.247
061.248
062.238
062.239
062.240
062.241
062.242
062.243
062.244
062.245
062.246
062.247
062.248
063.238
063.239
063.240
063.241
063.242
063.243
063.244
063.245
063.246
063.247
064.238
064.239
064.240
064.241
064.242
065.240
065.241
567.255
568.253
568.255
569.253
569.255
570.251
570.253
570.254
570.255
571.250
571.251
571.252
571.253
571.254
571.255
572.250
572.251
572.252
572.253
572.254
572.255
573.248
573.250
573.251
573.252
573.253
573.254
574.248
574.249
574.250
574.251
574.252
574.253
574.254
575.248
575.249
575.250
575.251
575.252
575.253
575.254
576.246
576.247
576.248
576.249
576.250
576.251
576.252
576.253
576.254
577.246
577.247
577.248
577.249
577.250
577.251
577.252
577.253
578.246
578.247
578.248
578.249
578.250
578.251
578.252
578.253
579.244
579.245
579.246
579.247
579.248
579.249
579.250
579.251
579.252
579.253
580.244
580.245
580.246
580.247
580.248
580.249
580.250
580.251
580.252
580.253
581.244
581.245
581.246
581.247
581.248
581.249
581.250
581.251
581.252
582.243
582.244
582.245
582.246
582.247
582.248
582.249
582.250
582.251
582.252
583.243
583.244
583.245
583.246
583.247
583.248
583.249
583.250
583.251
583.252
584.242
584.243
584.244
584.245
584.246
584.247
584.248
584.249
584.250
584.251
584.252
585.242
585.243
585.244
585.245
585.246
585.247
585.248
585.249
585.250
585.251
586.242
586.243
586.244
586.245
586.246
586.247
586.248
586.249
586.250
586.251
587.241
587.242
587.243
587.244
587.245
587.246
587.247
587.248
587.249
587.250
587.251
588.241
588.242
588.243
588.244
588.245
588.246
588.247
588.248
588.249
588.250
589.241
589.242
589.243
589.244
589.245
589.246
589.247
589.248
589.249
589.250
590.240
590.241
590.242
590.243
590.244
590.245
590.246
590.247
590.248
590.249
590.250
591.240
591.241
591.242
591.243
591.244
591.245
591.246
591.247
591.248
591.249
591.250
592.240
592.241
592.242
592.243
592.244
592.245
592.246
592.247
592.248
592.249
593.239
593.240
593.241
593.242
593.243
593.244
593.245
593.246
593.247
593.248
593.249
594.239
594.240
594.241
594.242
594.243
594.244
594.245
594.246
594.247
594.248
594.249
595.239
595.240
595.241
595.242
595.243
595.244
595.245
595.246
595.247
595.248
596.238
596.239
596.240
596.241
596.242
596.243
596.244
596.245
596.246
596.247
596.248
597.238
597.239
597.240
597.241
597.242
597.243
597.244
597.245
597.246
597.247
597.248
598.238
598.239
598.240
598.241
598.242
598.243
598.244
598.245
598.246
598.247
598.248
599.238
599.239
599.240
599.241
599.242
599.243
599.244
599.245
599.246
599.247
600.238
600.239
600.240
600.241
600.242
600.243
600.244
600.245
600.246
600.247
601.238
601.239
601.240
601.241
601.242
601.243
601.244
601.245
601.246
601.247
602.238
602.239
602.240
602.241
602.242
602.243
602.244
602.245
602.246
603.238
603.239
603.240
603.241
603.242
603.243
603.244
603.245
603.246
604.238
604.239
604.240
604.241
604.242
604.243
604.244
604.245
604.246
605.238
605.239
605.240
605.241
605.242
605.243
605.244
605.245
606.238
606.239
606.240
606.241
606.242
606.243
606.244
606.245
607.238
607.239
607.240
607.241
607.242
607.243
607.244
607.245
608.238
608.239
608.240
608.241
608.242
608.243
608.244
608.245
609.238
609.239
609.240
609.241
609.242
609.243
609.244
610.238
610.239
610.240
610.241
610.242
610.243
610.244
611.238
611.239
611.240
611.241
611.242
611.243
611.244
612.238
612.239
612.240
612.241
612.242
612.243
613.238
613.239
613.240
613.241
613.242
613.243
614.238
614.239
614.240
614.241
614.242
614.243
615.238
615.239
615.240
615.241
615.242
615.243
616.238
616.239
616.240
616.241
616.242
617.238
617.239
617.240
617.241
617.242
618.238
618.239
618.240
618.241
618.242
619.238
619.239
619.240
619.241
620.238
620.239
620.240
620.241
621.238
621.239
621.240
621.241
622.238
622.239
622.240
622.241
623.238
623.239
623.240
624.238
624.239
624.240
625.238
625.239
625.240
626.238
626.239
627.238
627.239
628.238
629.238
630.238
