283.275
284.274
284.275
285.274
285.275
286.273
286.274
286.275
287.273
287.274
287.275
288.272
288.273
288.274
288.275
289.272
289.273
289.274
289.275
290.272
290.273
290.274
290.275
291.271
291.272
291.273
291.274
291.275
292.271
292.272
292.273
292.274
292.275
293.270
293.271
293.272
293.273
293.274
293.275
294.270
294.271
294.272
294.273
294.274
294.275
295.270
295.271
295.272
295.273
295.274
295.275
296.269
296.270
296.271
296.272
296.273
296.274
296.275
297.269
297.270
297.271
297.272
297.273
297.274
297.275
298.268
298.269
298.270
298.271
298.272
298.273
298.274
298.275
299.268
299.269
299.270
299.271
299.272
299.273
299.274
299.275
300.268
300.269
300.270
300.271
300.272
300.273
300.274
300.275
301.268
301.269
301.270
301.271
301.272
301.273
301.274
301.275
302.268
302.269
302.270
302.271
302.272
302.273
302.274
302.275
303.268
303.269
303.270
303.271
303.272
303.273
303.274
303.275
304.268
304.269
304.270
304.271
304.272
304.273
304.274
304.275
305.268
305.269
305.270
305.271
305.272
305.273
305.274
305.275
306.268
306.269
306.270
306.271
306.272
306.273
306.274
306.275
307.268
307.269
307.270
307.271
307.272
307.273
307.274
307.275
308.268
308.269
308.270
308.271
308.272
308.273
308.274
308.275
309.268
309.269
309.270
309.271
309.272
309.273
309.274
309.275
310.268
310.269
310.270
310.271
310.272
310.273
310.274
310.275
311.268
311.269
311.270
311.271
311.272
311.273
311.274
311.275
312.267
312.268
312.269
312.270
312.271
312.272
312.273
312.274
312.275
313.267
313.268
313.269
313.270
313.271
313.272
313.273
313.274
313.275
314.266
314.267
314.268
314.269
314.270
314.271
314.272
314.273
314.274
314.275
315.266
315.267
315.268
315.269
315.270
315.271
315.272
315.273
315.274
315.275
316.266
316.267
316.268
316.269
316.270
316.271
316.272
316.273
316.274
316.275
317.265
317.266
317.267
317.268
317.269
317.270
317.271
317.272
317.273
317.274
317.275
318.265
318.266
318.267
318.268
318.269
318.270
318.271
318.272
318.273
318.274
318.275
319.264
319.265
319.266
319.267
319.268
319.269
319.270
319.271
319.272
319.273
319.274
319.275
320.264
320.265
320.266
320.267
320.268
320.269
320.270
320.271
320.272
320.273
320.274
320.275
321.263
321.264
321.265
321.266
321.267
321.268
321.269
321.270
321.271
321.272
321.273
321.274
321.275
322.263
322.264
322.265
322.266
322.267
322.268
322.269
322.270
322.271
322.272
322.273
322.274
322.275
323.261
323.262
323.263
323.264
323.265
323.266
323.267
323.268
323.269
323.270
323.271
323.272
323.273
323.274
323.275
324.261
324.262
324.263
324.264
324.265
324.266
324.267
324.268
324.269
324.270
324.271
324.272
324.273
324.274
324.275
325.260
325.261
325.262
325.263
325.264
325.265
325.266
325.267
325.268
325.269
325.270
325.271
325.272
325.273
325.274
325.275
326.260
326.261
326.262
326.263
326.264
326.265
326.266
326.267
326.268
326.269
326.270
326.271
326.272
326.273
326.274
326.275
327.259
327.260
327.261
327.262
327.263
327.264
327.265
327.266
327.267
327.268
327.269
327.270
327.271
327.272
327.273
327.274
327.275
328.259
328.260
328.261
328.262
328.263
328.264
328.265
328.266
328.267
328.268
328.269
328.270
328.271
328.272
328.273
328.274
328.275
329.258
329.259
329.260
329.261
329.262
329.263
329.264
329.265
329.266
329.267
329.268
329.269
329.270
329.271
329.272
329.273
329.274
329.275
330.258
330.259
330.260
330.261
330.262
330.263
330.264
330.265
330.266
330.267
330.268
330.269
330.270
330.271
330.272
330.273
330.274
330.275
331.258
331.259
331.260
331.261
331.262
331.263
331.264
331.265
331.266
331.267
331.268
331.269
331.270
331.271
331.272
331.273
331.274
331.275
332.258
332.259
332.260
332.261
332.262
332.263
332.264
332.265
332.266
332.267
332.268
332.269
332.270
332.271
332.272
332.273
332.274
332.275
333.258
333.259
333.260
333.261
333.262
333.263
333.264
333.265
333.266
333.267
333.268
333.269
333.270
333.271
333.272
333.273
333.274
333.275
334.258
334.259
334.260
334.261
334.262
334.263
334.264
334.265
334.266
334.267
334.268
334.269
334.270
334.271
334.272
334.273
334.274
334.275
335.258
335.259
335.260
335.261
335.262
335.263
335.264
335.265
335.266
335.267
335.268
335.269
335.270
335.271
335.272
335.273
335.274
335.275
336.258
336.259
336.260
336.261
336.262
336.263
336.264
336.265
336.266
336.267
336.268
336.269
336.270
336.271
336.272
336.273
336.274
336.275
337.258
337.259
337.260
337.261
337.262
337.263
337.264
337.265
337.266
337.267
337.268
337.269
337.270
337.271
337.272
337.273
337.274
337.275
338.258
338.259
338.260
338.261
338.262
338.263
338.264
338.265
338.266
338.267
338.268
338.269
338.270
338.271
338.272
338.273
338.274
338.275
339.258
339.259
339.260
339.261
339.262
339.263
339.264
339.265
339.266
339.267
339.268
339.269
339.270
339.271
339.272
339.273
339.274
339.275
340.258
340.259
340.260
340.261
340.262
340.263
340.264
340.265
340.266
340.267
340.268
340.269
340.270
340.271
340.272
340.273
340.274
340.275
341.258
341.259
341.260
341.261
341.262
341.263
341.264
341.265
341.266
341.267
341.268
341.269
341.270
341.271
341.272
341.273
341.274
341.275
342.258
342.259
342.260
342.261
342.262
342.263
342.264
342.265
342.266
342.267
342.268
342.269
342.270
342.271
342.272
342.273
342.274
342.275
343.258
343.259
343.260
343.261
343.262
343.263
343.264
343.265
343.266
343.267
343.268
343.269
343.270
343.271
343.272
343.273
343.274
343.275
344.258
344.259
344.260
344.261
344.262
344.263
344.264
344.265
344.266
344.267
344.268
344.269
344.270
344.271
344.272
344.273
344.274
344.275
345.258
345.259
345.260
345.261
345.262
345.263
345.264
345.265
345.266
345.267
345.268
345.269
345.270
345.271
345.272
345.273
345.274
345.275
346.258
346.259
346.260
346.261
346.262
346.263
346.264
346.265
346.266
346.267
346.268
346.269
346.270
346.271
346.272
346.273
346.274
346.275
347.258
347.259
347.260
347.261
347.262
347.263
347.264
347.265
347.266
347.267
347.268
347.269
347.270
347.271
347.272
347.273
347.274
347.275
348.258
348.259
348.260
348.261
348.262
348.263
348.264
348.265
348.266
348.267
348.268
348.269
348.270
348.271
348.272
348.273
348.274
348.275
349.258
349.259
349.260
349.261
349.262
349.263
349.264
349.265
349.266
349.267
349.268
349.269
349.270
349.271
349.272
349.273
349.274
349.275
350.258
350.259
350.260
350.261
350.262
350.263
350.264
350.265
350.266
350.267
350.268
350.269
350.270
350.271
350.272
350.273
350.274
350.275
351.258
351.259
351.260
351.261
351.262
351.263
351.264
351.265
351.266
351.267
351.268
351.269
351.270
351.271
351.272
351.273
351.274
351.275
352.258
352.259
352.260
352.261
352.262
352.263
352.264
352.265
352.266
352.267
352.268
352.269
352.270
352.271
352.272
352.273
352.274
352.275
353.258
353.259
353.260
353.261
353.262
353.263
353.264
353.265
353.266
353.267
353.268
353.269
353.270
353.271
353.272
353.273
353.274
353.275
354.258
354.259
354.260
354.261
354.262
354.263
354.264
354.265
354.266
354.267
354.268
354.269
354.270
354.271
354.272
354.273
354.274
354.275
355.258
355.259
355.260
355.261
355.262
355.263
355.264
355.265
355.266
355.267
355.268
355.269
355.270
355.271
355.272
355.273
355.274
355.275
356.258
356.259
356.260
356.261
356.262
356.263
356.264
356.265
356.266
356.267
356.268
356.269
356.270
356.271
356.272
356.273
356.274
356.275
357.258
357.259
357.260
357.261
357.262
357.263
357.264
357.265
357.266
357.267
357.268
357.269
357.270
357.271
357.272
357.273
357.274
357.275
358.257
358.258
358.259
358.260
358.261
358.262
358.263
358.264
358.265
358.266
358.267
358.268
358.269
358.270
358.271
358.272
358.273
358.274
358.275
359.256
359.257
359.258
359.259
359.260
359.261
359.262
359.263
359.264
359.265
359.266
359.267
359.268
359.269
359.270
359.271
359.272
359.273
359.274
359.275
360.256
360.257
360.258
360.259
360.260
360.261
360.262
360.263
360.264
360.265
360.266
360.267
360.268
360.269
360.270
360.271
360.272
360.273
360.274
360.275
361.255
361.256
361.257
361.258
361.259
361.260
361.261
361.262
361.263
361.264
361.265
361.266
361.267
361.268
361.269
361.270
361.271
361.272
361.273
361.274
361.275
362.254
362.255
362.256
362.257
362.258
362.259
362.260
362.261
362.262
362.263
362.264
362.265
362.266
362.267
362.268
362.269
362.270
362.271
362.272
362.273
362.274
362.275
363.254
363.255
363.256
363.257
363.258
363.259
363.260
363.261
363.262
363.263
363.264
363.265
363.266
363.267
363.268
363.269
363.270
363.271
363.272
363.273
363.274
363.275
364.253
364.254
364.255
364.256
364.257
364.258
364.259
364.260
364.261
364.262
364.263
364.264
364.265
364.266
364.267
364.268
364.269
364.270
364.271
364.272
364.273
364.274
364.275
365.252
365.253
365.254
365.255
365.256
365.257
365.258
365.259
365.260
365.261
365.262
365.263
365.264
365.265
365.266
365.267
365.268
365.269
365.270
365.271
365.272
365.273
365.274
365.275
366.252
366.253
366.254
366.255
366.256
366.257
366.258
366.259
366.260
366.261
366.262
366.263
366.264
366.265
366.266
366.267
366.268
366.269
366.270
366.271
366.272
366.273
366.274
366.275
367.252
367.253
367.254
367.255
367.256
367.257
367.258
367.259
367.260
367.261
367.262
367.263
367.264
367.265
367.266
367.267
367.268
367.269
367.270
367.271
367.272
367.273
367.274
367.275
368.251
368.252
368.253
368.254
368.255
368.256
368.257
368.258
368.259
368.260
368.261
368.262
368.263
368.264
368.265
368.266
368.267
368.268
368.269
368.270
368.271
368.272
368.273
368.274
368.275
369.251
369.252
369.253
369.254
369.255
369.256
369.257
369.258
369.259
369.260
369.261
369.262
369.263
369.264
369.265
369.266
369.267
369.268
369.269
369.270
369.271
369.272
369.273
369.274
369.275
370.250
370.251
370.252
370.253
370.254
370.255
370.256
370.257
370.258
370.259
370.260
370.261
370.262
370.263
370.264
370.265
370.266
370.267
370.268
370.269
370.270
370.271
370.272
370.273
370.274
370.275
371.250
371.251
371.252
371.253
371.254
371.255
371.256
371.257
371.258
371.259
371.260
371.261
371.262
371.263
371.264
371.265
371.266
371.267
371.268
371.269
371.270
371.271
371.272
371.273
371.274
371.275
372.249
372.250
372.251
372.252
372.253
372.254
372.255
372.256
372.257
372.258
372.259
372.260
372.261
372.262
372.263
372.264
372.265
372.266
372.267
372.268
372.269
372.270
372.271
372.272
372.273
372.274
372.275
373.249
373.250
373.251
373.252
373.253
373.254
373.255
373.256
373.257
373.258
373.259
373.260
373.261
373.262
373.263
373.264
373.265
373.266
373.267
373.268
373.269
373.270
373.271
373.272
373.273
373.274
374.249
374.250
374.251
374.252
374.253
374.254
374.255
374.256
374.257
374.258
374.259
374.260
374.261
374.262
374.263
374.264
374.265
374.266
374.267
374.268
374.269
374.270
374.271
374.272
374.273
374.274
375.248
375.249
375.250
375.251
375.252
375.253
375.254
375.255
375.256
375.257
375.258
375.259
375.260
375.261
375.262
375.263
375.264
375.265
375.266
375.267
375.268
375.269
375.270
375.271
375.272
375.273
375.274
376.248
376.249
376.250
376.251
376.252
376.253
376.254
376.255
376.256
376.257
376.258
376.259
376.260
376.261
376.262
376.263
376.264
376.265
376.266
376.267
376.268
376.269
376.270
376.271
376.272
376.273
376.274
377.248
377.249
377.250
377.251
377.252
377.253
377.254
377.255
377.256
377.257
377.258
377.259
377.260
377.261
377.262
377.263
377.264
377.265
377.266
377.267
377.268
377.269
377.270
377.271
377.272
377.273
378.248
378.249
378.250
378.251
378.252
378.253
378.254
378.255
378.256
378.257
378.258
378.259
378.260
378.261
378.262
378.263
378.264
378.265
378.266
378.267
378.268
378.269
378.270
378.271
378.272
378.273
379.248
379.249
379.250
379.251
379.252
379.253
379.254
379.255
379.256
379.257
379.258
379.259
379.260
379.261
379.262
379.263
379.264
379.265
379.266
379.267
379.268
379.269
379.270
379.271
379.272
379.273
380.248
380.249
380.250
380.251
380.252
380.253
380.254
380.255
380.256
380.257
380.258
380.259
380.260
380.261
380.262
380.263
380.264
380.265
380.266
380.267
380.268
380.269
380.270
380.271
380.272
380.273
381.248
381.249
381.250
381.251
381.252
381.253
381.254
381.255
381.256
381.257
381.258
381.259
381.260
381.261
381.262
381.263
381.264
381.265
381.266
381.267
381.268
381.269
381.270
381.271
381.272
382.248
382.249
382.250
382.251
382.252
382.253
382.254
382.255
382.256
382.257
382.258
382.259
382.260
382.261
382.262
382.263
382.264
382.265
382.266
382.267
382.268
382.269
382.270
382.271
382.272
383.248
383.249
383.250
383.251
383.252
383.253
383.254
383.255
383.256
383.257
383.258
383.259
383.260
383.261
383.262
383.263
383.264
383.265
383.266
383.267
383.268
383.269
383.270
383.271
383.272
384.248
384.249
384.250
384.251
384.252
384.253
384.254
384.255
384.256
384.257
384.258
384.259
384.260
384.261
384.262
384.263
384.264
384.265
384.266
384.267
384.268
384.269
384.270
384.271
385.248
385.249
385.250
385.251
385.252
385.253
385.254
385.255
385.256
385.257
385.258
385.259
385.260
385.261
385.262
385.263
385.264
385.265
385.266
385.267
385.268
385.269
385.270
385.271
386.248
386.249
386.250
386.251
386.252
386.253
386.254
386.255
386.256
386.257
386.258
386.259
386.260
386.261
386.262
386.263
386.264
386.265
386.266
386.267
386.268
386.269
386.270
386.271
387.247
387.248
387.249
387.250
387.251
387.252
387.253
387.254
387.255
387.256
387.257
387.258
387.259
387.260
387.261
387.262
387.263
387.264
387.265
387.266
387.267
387.268
387.269
387.270
387.271
388.247
388.248
388.249
388.250
388.251
388.252
388.253
388.254
388.255
388.256
388.257
388.258
388.259
388.260
388.261
388.262
388.263
388.264
388.265
388.266
388.267
388.268
388.269
388.270
389.246
389.247
389.248
389.249
389.250
389.251
389.252
389.253
389.254
389.255
389.256
389.257
389.258
389.259
389.260
389.261
389.262
389.263
389.264
389.265
389.266
389.267
389.268
389.269
389.270
390.246
390.247
390.248
390.249
390.250
390.251
390.252
390.253
390.254
390.255
390.256
390.257
390.258
390.259
390.260
390.261
390.262
390.263
390.264
390.265
390.266
390.267
390.268
390.269
391.245
391.246
391.247
391.248
391.249
391.250
391.251
391.252
391.253
391.254
391.255
391.256
391.257
391.258
391.259
391.260
391.261
391.262
391.263
391.264
391.265
391.266
391.267
391.268
391.269
392.244
392.245
392.246
392.247
392.248
392.249
392.250
392.251
392.252
392.253
392.254
392.255
392.256
392.257
392.258
392.259
392.260
392.261
392.262
392.263
392.264
392.265
392.266
392.267
392.268
392.269
393.244
393.245
393.246
393.247
393.248
393.249
393.250
393.251
393.252
393.253
393.254
393.255
393.256
393.257
393.258
393.259
393.260
393.261
393.262
393.263
393.264
393.265
393.266
393.267
393.268
394.243
394.244
394.245
394.246
394.247
394.248
394.249
394.250
394.251
394.252
394.253
394.254
394.255
394.256
394.257
394.258
394.259
394.260
394.261
394.262
394.263
394.264
394.265
394.266
394.267
394.268
395.242
395.243
395.244
395.245
395.246
395.247
395.248
395.249
395.250
395.251
395.252
395.253
395.254
395.255
395.256
395.257
395.258
395.259
395.260
395.261
395.262
395.263
395.264
395.265
395.266
395.267
396.242
396.243
396.244
396.245
396.246
396.247
396.248
396.249
396.250
396.251
396.252
396.253
396.254
396.255
396.256
396.257
396.258
396.259
396.260
396.261
396.262
396.263
396.264
396.265
396.266
396.267
397.241
397.242
397.243
397.244
397.245
397.246
397.247
397.248
397.249
397.250
397.251
397.252
397.253
397.254
397.255
397.256
397.257
397.258
397.259
397.260
397.261
397.262
397.263
397.264
397.265
397.266
397.267
398.241
398.242
398.243
398.244
398.245
398.246
398.247
398.248
398.249
398.250
398.251
398.252
398.253
398.254
398.255
398.256
398.257
398.258
398.259
398.260
398.261
398.262
398.263
398.264
398.265
398.266
398.267
399.240
399.241
399.242
399.243
399.244
399.245
399.246
399.247
399.248
399.249
399.250
399.251
399.252
399.253
399.254
399.255
399.256
399.257
399.258
399.259
399.260
399.261
399.262
399.263
399.264
399.265
399.266
400.240
400.241
400.242
400.243
400.244
400.245
400.246
400.247
400.248
400.249
400.250
400.251
400.252
400.253
400.254
400.255
400.256
400.257
400.258
400.259
400.260
400.261
400.262
400.263
400.264
400.265
400.266
401.239
401.240
401.241
401.242
401.243
401.244
401.245
401.246
401.247
401.248
401.249
401.250
401.251
401.252
401.253
401.254
401.255
401.256
401.257
401.258
401.259
401.260
401.261
401.262
401.263
401.264
401.265
401.266
402.239
402.240
402.241
402.242
402.243
402.244
402.245
402.246
402.247
402.248
402.249
402.250
402.251
402.252
402.253
402.254
402.255
402.256
402.257
402.258
402.259
402.260
402.261
402.262
402.263
402.264
402.265
403.238
403.239
403.240
403.241
403.242
403.243
403.244
403.245
403.246
403.247
403.248
403.249
403.250
403.251
403.252
403.253
403.254
403.255
403.256
403.257
403.258
403.259
403.260
403.261
403.262
403.263
403.264
403.265
404.238
404.239
404.240
404.241
404.242
404.243
404.244
404.245
404.246
404.247
404.248
404.249
404.250
404.251
404.252
404.253
404.254
404.255
404.256
404.257
404.258
404.259
404.260
404.261
404.262
404.263
404.264
404.265
405.238
405.239
405.240
405.241
405.242
405.243
405.244
405.245
405.246
405.247
405.248
405.249
405.250
405.251
405.252
405.253
405.254
405.255
405.256
405.257
405.258
405.259
405.260
405.261
405.262
405.263
405.264
406.238
406.239
406.240
406.241
406.242
406.243
406.244
406.245
406.246
406.247
406.248
406.249
406.250
406.251
406.252
406.253
406.254
406.255
406.256
406.257
406.258
406.259
406.260
406.261
406.262
406.263
406.264
407.238
407.239
407.240
407.241
407.242
407.243
407.244
407.245
407.246
407.247
407.248
407.249
407.250
407.251
407.252
407.253
407.254
407.255
407.256
407.257
407.258
407.259
407.260
407.261
407.262
407.263
407.264
408.238
408.239
408.240
408.241
408.242
408.243
408.244
408.245
408.246
408.247
408.248
408.249
408.250
408.251
408.252
408.253
408.254
408.255
408.256
408.257
408.258
408.259
408.260
408.261
408.262
408.263
408.264
409.238
409.239
409.240
409.241
409.242
409.243
409.244
409.245
409.246
409.247
409.248
409.249
409.250
409.251
409.252
409.253
409.254
409.255
409.256
409.257
409.258
409.259
409.260
409.261
409.262
409.263
410.238
410.239
410.240
410.241
410.242
410.243
410.244
410.245
410.246
410.247
410.248
410.249
410.250
410.251
410.252
410.253
410.254
410.255
410.256
410.257
410.258
410.259
410.260
410.261
410.262
410.263
411.238
411.239
411.240
411.241
411.242
411.243
411.244
411.245
411.246
411.247
411.248
411.249
411.250
411.251
411.252
411.253
411.254
411.255
411.256
411.257
411.258
411.259
411.260
411.261
411.262
412.238
412.239
412.240
412.241
412.242
412.243
412.244
412.245
412.246
412.247
412.248
412.249
412.250
412.251
412.252
412.253
412.254
412.255
412.256
412.257
412.258
412.259
412.260
412.261
412.262
413.238
413.239
413.240
413.241
413.242
413.243
413.244
413.245
413.246
413.247
413.248
413.249
413.250
413.251
413.252
413.253
413.254
413.255
413.256
413.257
413.258
413.259
413.260
413.261
413.262
414.238
414.239
414.240
414.241
414.242
414.243
414.244
414.245
414.246
414.247
414.248
414.249
414.250
414.251
414.252
414.253
414.254
414.255
414.256
414.257
414.258
414.259
414.260
414.261
415.238
415.239
415.240
415.241
415.242
415.243
415.244
415.245
415.246
415.247
415.248
415.249
415.250
415.251
415.252
415.253
415.254
415.255
415.256
415.257
415.258
415.259
415.260
415.261
416.238
416.239
416.240
416.241
416.242
416.243
416.244
416.245
416.246
416.247
416.248
416.249
416.250
416.251
416.252
416.253
416.254
416.255
416.256
416.257
416.258
416.259
416.260
416.261
417.238
417.239
417.240
417.241
417.242
417.243
417.244
417.245
417.246
417.247
417.248
417.249
417.250
417.251
417.252
417.253
417.254
417.255
417.256
417.257
417.258
417.259
417.260
418.238
418.239
418.240
418.241
418.242
418.243
418.244
418.245
418.246
418.247
418.248
418.249
418.250
418.251
418.252
418.253
418.254
418.255
418.256
418.257
418.258
418.259
418.260
419.238
419.239
419.240
419.241
419.242
419.243
419.244
419.245
419.246
419.247
419.248
419.249
419.250
419.251
419.252
419.253
419.254
419.255
419.256
419.257
419.258
419.259
420.238
420.239
420.240
420.241
420.242
420.243
420.244
420.245
420.246
420.247
420.248
420.249
420.250
420.251
420.252
420.253
420.254
420.255
420.256
420.257
420.258
420.259
421.238
421.239
421.240
421.241
421.242
421.243
421.244
421.245
421.246
421.247
421.248
421.249
421.250
421.251
421.252
421.253
421.254
421.255
421.256
421.257
421.258
422.238
422.239
422.240
422.241
422.242
422.243
422.244
422.245
422.246
422.247
422.248
422.249
422.250
422.251
422.252
422.253
422.254
422.255
422.256
422.257
422.258
423.238
423.239
423.240
423.241
423.242
423.243
423.244
423.245
423.246
423.247
423.248
423.249
423.250
423.251
423.252
423.253
423.254
423.255
423.256
423.257
424.238
424.239
424.240
424.241
424.242
424.243
424.244
424.245
424.246
424.247
424.248
424.249
424.250
424.251
424.252
424.253
424.254
424.255
424.256
424.257
425.238
425.239
425.240
425.241
425.242
425.243
425.244
425.245
425.246
425.247
425.248
425.249
425.250
425.251
425.252
425.253
425.254
425.255
425.256
425.257
426.238
426.239
426.240
426.241
426.242
426.243
426.244
426.245
426.246
426.247
426.248
426.249
426.250
426.251
426.252
426.253
426.254
426.255
426.256
426.257
427.238
427.239
427.240
427.241
427.242
427.243
427.244
427.245
427.246
427.247
427.248
427.249
427.250
427.251
427.252
427.253
427.254
427.255
427.256
427.257
428.238
428.239
428.240
428.241
428.242
428.243
428.244
428.245
428.246
428.247
428.248
428.249
428.250
428.251
428.252
428.253
428.254
428.255
428.256
429.238
429.239
429.240
429.241
429.242
429.243
429.244
429.245
429.246
429.247
429.248
429.249
429.250
429.251
429.252
429.253
429.254
429.255
429.256
430.238
430.239
430.240
430.241
430.242
430.243
430.244
430.245
430.246
430.247
430.248
430.249
430.250
430.251
430.252
430.253
430.254
430.255
430.256
431.238
431.239
431.240
431.241
431.242
431.243
431.244
431.245
431.246
431.247
431.248
431.249
431.250
431.251
431.252
431.253
431.254
431.255
432.238
432.239
432.240
432.241
432.242
432.243
432.244
432.245
432.246
432.247
432.248
432.249
432.250
432.251
432.252
432.253
432.254
432.255
433.238
433.239
433.240
433.241
433.242
433.243
433.244
433.245
433.246
433.247
433.248
433.249
433.250
433.251
433.252
433.253
433.254
433.255
434.238
434.239
434.240
434.241
434.242
434.243
434.244
434.245
434.246
434.247
434.248
434.249
434.250
434.251
434.252
434.253
434.254
435.238
435.239
435.240
435.241
435.242
435.243
435.244
435.245
435.246
435.247
435.248
435.249
435.250
435.251
435.252
435.253
436.238
436.239
436.240
436.241
436.242
436.243
436.244
436.245
436.246
436.247
436.248
436.249
436.250
436.251
436.252
436.253
437.238
437.239
437.240
437.241
437.242
437.243
437.244
437.245
437.246
437.247
437.248
437.249
437.250
437.251
437.252
437.253
438.238
438.239
438.240
438.241
438.242
438.243
438.244
438.245
438.246
438.247
438.248
438.249
438.250
438.251
438.252
438.253
439.238
439.239
439.240
439.241
439.242
439.243
439.244
439.245
439.246
439.247
439.248
439.249
439.250
439.251
439.252
440.238
440.239
440.240
440.241
440.242
440.243
440.244
440.245
440.246
440.247
440.248
440.249
440.250
440.251
440.252
441.238
441.239
441.240
441.241
441.242
441.243
441.244
441.245
441.246
441.247
441.248
441.249
441.250
441.251
442.238
442.239
442.240
442.241
442.242
442.243
442.244
442.245
442.246
442.247
442.248
442.249
442.250
442.251
443.238
443.239
443.240
443.241
443.242
443.243
443.244
443.245
443.246
443.247
443.248
443.249
443.250
443.251
444.238
444.239
444.240
444.241
444.242
444.243
444.244
444.245
444.246
444.247
444.248
444.249
444.250
445.238
445.239
445.240
445.241
445.242
445.243
445.244
445.245
445.246
445.247
445.248
445.249
446.238
446.239
446.240
446.241
446.242
446.243
446.244
446.245
446.246
446.247
446.248
446.249
447.238
447.239
447.240
447.241
447.242
447.243
447.244
447.245
447.246
447.247
447.248
448.238
448.239
448.240
448.241
448.242
448.243
448.244
448.245
448.246
448.247
448.248
449.238
449.239
449.240
449.241
449.242
449.243
449.244
449.245
449.246
449.247
449.248
450.238
450.239
450.240
450.241
450.242
450.243
450.244
450.245
450.246
450.247
451.238
451.239
451.240
451.241
451.242
451.243
451.244
451.245
451.246
451.247
452.238
452.239
452.240
452.241
452.242
452.243
452.244
452.245
452.246
452.247
453.238
453.239
453.240
453.241
453.242
453.243
453.244
453.245
453.246
454.238
454.239
454.240
454.241
454.242
454.243
454.244
454.245
454.246
455.238
455.239
455.240
455.241
455.242
455.243
455.244
455.245
456.238
456.239
456.240
456.241
456.242
456.243
456.244
456.245
457.238
457.239
457.240
457.241
457.242
457.243
457.244
458.238
458.239
458.240
458.241
458.242
458.243
458.244
459.238
459.239
459.240
459.241
459.242
459.243
460.238
460.239
460.240
460.241
460.242
460.243
461.238
461.239
461.240
461.241
461.242
462.238
462.239
462.240
462.241
462.242
463.238
463.239
463.240
463.241
463.242
464.238
464.239
464.240
464.241
465.238
465.239
465.240
465.241
466.238
466.239
466.240
467.238
467.239
467.240
468.238
468.239
469.238
470.238
