181.308
182.308
183.307
183.308
183.312
184.307
184.308
184.312
185.307
185.308
185.312
186.306
186.307
186.308
186.312
187.306
187.307
187.308
187.311
187.312
188.306
188.307
188.308
188.310
188.311
189.305
189.306
189.307
189.308
189.310
189.311
190.305
190.306
190.307
190.308
190.310
190.311
191.305
191.306
191.307
191.308
191.310
192.305
192.306
192.307
192.308
192.309
192.310
193.305
193.306
193.307
193.308
193.309
193.310
194.305
194.306
194.307
194.308
194.309
194.310
195.302
195.305
195.306
195.307
195.308
195.309
196.302
196.305
196.306
196.307
196.308
196.309
197.301
197.302
197.305
197.306
197.307
197.308
197.309
198.301
198.302
198.305
198.306
198.307
198.308
198.309
199.300
199.301
199.302
199.305
199.306
199.307
199.308
200.300
200.301
200.302
200.305
200.306
200.307
200.308
201.300
201.301
201.302
201.305
201.306
201.307
201.308
202.299
202.300
202.301
202.302
202.305
202.306
202.307
203.299
203.300
203.301
203.302
203.304
203.305
203.306
203.307
204.298
204.299
204.300
204.301
204.302
204.304
204.305
204.306
204.307
205.298
205.299
205.300
205.301
205.302
205.303
205.304
205.305
205.306
205.307
206.298
206.299
206.300
206.301
206.302
206.303
206.304
206.305
206.306
207.297
207.298
207.299
207.300
207.301
207.302
207.303
207.304
207.305
207.306
208.297
208.298
208.299
208.300
208.301
208.302
208.303
208.304
208.305
208.306
209.296
209.297
209.298
209.299
209.300
209.301
209.302
209.303
209.304
209.305
210.296
210.297
210.298
210.299
210.300
210.301
210.302
210.303
210.304
210.305
211.295
211.296
211.297
211.298
211.299
211.300
211.301
211.302
211.303
211.304
211.305
212.295
212.296
212.297
212.298
212.299
212.300
212.301
212.302
212.303
212.304
212.305
213.295
213.296
213.297
213.298
213.299
213.300
213.301
213.302
213.303
213.304
214.294
214.295
214.296
214.297
214.298
214.299
214.300
214.301
214.302
214.303
214.304
215.294
215.295
215.296
215.297
215.298
215.299
215.300
215.301
215.302
215.303
215.304
216.293
216.294
216.295
216.296
216.297
216.298
216.299
216.300
216.301
216.302
216.303
217.293
217.294
217.295
217.296
217.297
217.298
217.299
217.300
217.301
217.302
217.303
218.292
218.293
218.294
218.295
218.296
218.297
218.298
218.299
218.300
218.301
218.302
218.303
219.292
219.293
219.294
219.295
219.296
219.297
219.298
219.299
219.300
219.301
219.302
219.303
220.292
220.293
220.294
220.295
220.296
220.297
220.298
220.299
220.300
220.301
220.302
221.291
221.292
221.293
221.294
221.295
221.296
221.297
221.298
221.299
221.300
221.301
221.302
222.291
222.292
222.293
222.294
222.295
222.296
222.297
222.298
222.299
222.300
222.301
222.302
223.290
223.291
223.292
223.293
223.294
223.295
223.296
223.297
223.298
223.299
223.300
223.301
223.302
224.290
224.291
224.292
224.293
224.294
224.296
224.297
224.298
224.299
224.300
224.301
225.290
225.291
225.292
225.293
225.294
225.296
225.297
225.298
225.299
225.300
225.301
226.289
226.290
226.291
226.292
226.293
226.294
226.296
226.297
226.298
226.299
226.300
226.301
227.289
227.290
227.291
227.292
227.293
227.296
227.297
227.298
227.299
227.300
228.288
228.289
228.290
228.291
228.292
228.293
228.296
228.297
228.298
228.299
228.300
229.288
229.289
229.290
229.291
229.292
229.293
229.296
229.297
229.298
229.299
229.300
230.287
230.288
230.289
230.290
230.291
230.292
230.296
230.297
230.298
230.299
231.287
231.288
231.289
231.290
231.291
231.292
231.296
231.297
231.298
231.299
232.286
232.287
232.288
232.289
232.290
232.291
232.292
232.296
232.297
232.298
232.299
233.286
233.287
233.288
233.289
233.290
233.291
233.296
233.297
233.298
233.299
234.286
234.287
234.288
234.289
234.290
234.291
234.296
234.297
234.298
235.285
235.286
235.287
235.288
235.289
235.290
235.291
235.296
235.297
235.298
236.285
236.286
236.287
236.288
236.289
236.290
236.296
236.297
236.298
237.284
237.285
237.286
237.287
237.288
237.289
237.290
237.296
237.297
238.284
238.285
238.286
238.287
238.288
238.289
238.290
238.295
238.296
238.297
239.284
239.285
239.286
239.287
239.288
239.289
239.295
239.296
239.297
240.283
240.284
240.285
240.286
240.287
240.288
240.289
240.295
240.296
240.297
241.283
241.284
241.285
241.286
241.287
241.288
241.289
241.294
241.295
241.296
242.283
242.284
242.285
242.286
242.287
242.288
242.294
242.295
242.296
243.282
243.283
243.284
243.285
243.286
243.287
243.288
243.294
243.295
243.296
244.281
244.282
244.283
244.284
244.285
244.286
244.287
244.288
244.293
244.294
244.295
245.281
245.282
245.283
245.284
245.285
245.286
245.287
245.293
245.294
245.295
246.280
246.281
246.282
246.283
246.284
246.285
246.286
246.287
246.293
246.294
246.295
247.280
247.281
247.282
247.283
247.284
247.285
247.286
247.287
247.293
247.294
247.295
248.279
248.280
248.281
248.282
248.283
248.284
248.285
248.286
248.292
248.293
248.294
249.279
249.280
249.281
249.282
249.283
249.284
249.285
249.286
249.292
249.293
249.294
250.278
250.279
250.280
250.281
250.282
250.283
250.284
250.285
250.286
250.292
250.293
250.294
251.278
251.279
251.280
251.281
251.282
251.283
251.284
251.285
251.291
251.292
251.293
252.277
252.278
252.279
252.280
252.281
252.282
252.283
252.284
252.285
252.291
252.292
252.293
253.277
253.278
253.279
253.280
253.281
253.282
253.283
253.284
253.285
253.291
253.292
253.293
254.277
254.278
254.279
254.280
254.281
254.282
254.283
254.284
254.290
254.291
254.292
255.276
255.277
255.278
255.279
255.280
255.281
255.282
255.283
255.284
255.290
255.291
255.292
256.276
256.277
256.278
256.279
256.280
256.281
256.282
256.283
256.284
256.290
256.291
256.292
257.276
257.277
257.278
257.279
257.280
257.281
257.282
257.283
257.289
257.290
257.291
257.292
258.276
258.277
258.278
258.279
258.280
258.281
258.282
258.283
258.289
258.290
258.291
259.276
259.277
259.278
259.279
259.280
259.281
259.282
259.289
259.290
259.291
260.276
260.277
260.278
260.279
260.280
260.281
260.282
260.288
260.289
260.290
260.291
261.276
261.277
261.278
261.279
261.280
261.281
261.282
261.288
261.289
261.290
262.276
262.277
262.278
262.279
262.280
262.281
262.288
262.289
262.290
263.276
263.277
263.278
263.279
263.280
263.281
263.287
263.288
263.289
263.290
264.276
264.277
264.278
264.279
264.280
264.281
264.287
264.288
264.289
265.276
265.277
265.278
265.279
265.280
265.281
265.287
265.288
265.289
266.276
266.277
266.278
266.279
266.280
266.281
266.287
266.288
266.289
267.276
267.277
267.278
267.279
267.280
267.281
267.286
267.287
267.288
267.289
268.276
268.277
268.278
268.279
268.280
268.281
268.286
268.287
268.288
269.276
269.277
269.278
269.279
269.280
269.281
269.286
269.287
269.288
270.276
270.277
270.278
270.279
270.280
270.281
270.285
270.286
270.287
270.288
271.276
271.277
271.278
271.279
271.280
271.281
271.285
271.286
271.287
272.276
272.277
272.278
272.279
272.280
272.281
272.285
272.286
272.287
273.276
273.277
273.278
273.279
273.280
273.281
273.284
273.285
273.286
273.287
274.276
274.277
274.278
274.279
274.280
274.281
274.284
274.285
274.286
275.276
275.277
275.278
275.279
275.280
275.281
275.284
275.285
275.286
276.276
276.277
276.278
276.279
276.280
276.281
276.283
276.284
276.285
276.286
277.276
277.277
277.278
277.279
277.280
277.281
277.283
277.284
277.285
278.276
278.277
278.278
278.279
278.280
278.281
278.283
278.284
278.285
279.276
279.277
279.278
279.279
279.280
279.281
279.282
279.283
279.284
279.285
280.276
280.277
280.278
280.279
280.280
280.281
280.282
280.283
280.284
280.285
281.276
281.277
281.278
281.279
281.280
281.281
281.282
281.283
281.284
282.276
282.277
282.278
282.279
282.280
282.281
282.282
282.283
282.284
283.276
283.277
283.278
283.279
283.280
283.281
283.282
283.283
283.284
284.276
284.277
284.278
284.279
284.280
284.281
284.282
284.283
285.276
285.277
285.278
285.279
285.280
285.281
285.282
285.283
286.276
286.277
286.278
286.279
286.280
286.281
286.282
286.283
287.276
287.277
287.278
287.279
287.280
287.281
287.282
288.276
288.277
288.278
288.279
288.280
288.281
288.282
289.276
289.277
289.278
289.279
289.280
289.281
289.282
290.276
290.277
290.278
290.279
290.280
290.281
291.276
291.277
291.278
291.279
291.280
291.281
292.276
292.277
292.278
292.279
292.280
292.281
293.276
293.277
293.278
293.279
293.280
294.276
294.277
294.278
294.279
294.280
295.276
295.277
295.278
295.279
295.280
296.276
296.277
296.278
296.279
297.276
297.277
297.278
297.279
298.276
298.277
298.278
298.279
299.276
299.277
299.278
300.276
300.277
300.278
301.276
301.277
301.278
302.276
302.277
303.276
303.277
304.276
304.277
305.276
306.276
307.276
