188.312
189.312
190.314
191.311
191.314
192.311
192.314
193.311
193.314
194.313
194.314
195.310
195.313
195.314
196.310
196.312
196.313
196.314
197.310
197.312
197.313
197.314
198.310
198.312
198.313
198.314
199.309
199.310
199.312
199.313
199.314
200.309
200.310
200.311
200.312
200.313
200.314
201.309
201.310
201.311
201.312
201.313
201.314
202.308
202.309
202.310
202.311
202.312
202.313
202.314
203.308
203.309
203.310
203.311
203.312
203.313
203.314
204.308
204.309
204.310
204.311
204.312
204.313
204.314
205.308
205.309
205.310
205.311
205.312
205.313
206.307
206.308
206.309
206.310
206.311
206.312
206.313
207.307
207.308
207.309
207.310
207.311
207.312
207.313
208.307
208.308
208.309
208.310
208.311
208.312
208.313
209.306
209.307
209.308
209.309
209.310
209.311
209.312
210.306
210.307
210.308
210.309
210.310
210.311
210.312
211.306
211.307
211.308
211.309
211.310
211.311
211.312
212.306
212.307
212.308
212.309
212.310
212.311
212.312
213.305
213.306
213.307
213.308
213.309
213.310
213.311
214.305
214.306
214.307
214.308
214.309
214.310
214.311
215.305
215.306
215.307
215.308
215.309
215.310
216.304
216.305
216.306
216.307
216.308
216.309
216.310
217.304
217.305
217.306
217.307
217.308
217.309
217.310
218.304
218.305
218.306
218.307
218.308
218.309
218.310
219.304
219.305
219.306
219.307
219.308
219.309
220.303
220.304
220.305
220.306
220.307
220.308
221.303
221.304
221.306
221.307
221.308
222.304
222.306
222.307
222.308
223.304
223.306
223.307
223.308
224.302
224.304
224.305
224.306
224.307
224.308
225.305
225.306
225.307
225.308
226.305
226.306
226.307
226.308
227.304
227.305
227.306
227.307
227.308
228.304
228.305
228.306
228.307
228.308
229.304
229.305
229.306
229.307
229.308
230.304
230.305
230.306
230.307
231.304
231.305
231.306
231.307
232.303
232.304
232.305
232.306
232.307
233.303
233.304
233.305
233.306
233.307
234.299
234.303
234.304
234.305
234.306
235.299
235.302
235.303
235.304
235.305
235.306
236.299
236.302
236.303
236.304
236.305
236.306
237.298
237.299
237.301
237.302
237.303
237.304
237.305
237.306
238.298
238.299
238.301
238.302
238.303
238.304
238.305
239.298
239.299
239.300
239.301
239.302
239.303
239.304
239.305
240.298
240.299
240.300
240.301
240.302
240.303
240.304
240.305
241.297
241.298
241.299
241.300
241.301
241.302
241.303
241.304
241.308
242.297
242.298
242.299
242.300
242.301
242.302
242.303
242.304
242.308
243.297
243.298
243.299
243.300
243.301
243.302
243.303
243.304
243.308
244.296
244.297
244.298
244.299
244.300
244.301
244.302
244.303
244.304
244.308
245.296
245.297
245.298
245.299
245.300
245.301
245.302
245.303
245.307
245.308
246.296
246.297
246.298
246.299
246.300
246.301
246.302
246.303
246.307
246.308
247.296
247.297
247.298
247.299
247.300
247.301
247.302
247.303
247.307
247.308
248.295
248.296
248.297
248.298
248.299
248.300
248.301
248.302
248.303
248.306
248.307
248.308
249.295
249.296
249.297
249.298
249.299
249.300
249.301
249.302
249.306
249.307
250.295
250.296
250.297
250.298
250.299
250.300
250.301
250.302
250.306
250.307
251.294
251.295
251.296
251.297
251.298
251.299
251.300
251.301
251.302
251.306
251.307
252.294
252.295
252.296
252.297
252.298
252.299
252.300
252.301
252.305
252.306
252.307
253.294
253.295
253.296
253.297
253.298
253.299
253.300
253.301
253.305
253.306
254.293
254.294
254.295
254.296
254.297
254.298
254.299
254.300
254.301
254.305
254.306
255.293
255.294
255.295
255.296
255.297
255.298
255.299
255.300
255.305
255.306
256.293
256.294
256.295
256.296
256.297
256.298
256.299
256.300
256.304
256.305
256.306
257.293
257.294
257.295
257.296
257.297
257.298
257.299
257.304
257.305
257.306
258.292
258.293
258.294
258.295
258.296
258.297
258.298
258.299
258.304
258.305
259.292
259.293
259.294
259.295
259.296
259.297
259.298
259.299
259.304
259.305
260.292
260.293
260.294
260.295
260.296
260.297
260.298
260.299
260.303
260.304
260.305
261.291
261.292
261.293
261.294
261.295
261.296
261.297
261.298
261.299
261.303
261.304
261.305
262.291
262.292
262.293
262.294
262.295
262.296
262.297
262.298
262.299
262.303
262.304
263.291
263.292
263.293
263.294
263.295
263.296
263.297
263.298
263.299
263.303
263.304
264.290
264.291
264.292
264.293
264.294
264.295
264.296
264.297
264.298
264.299
264.303
264.304
265.290
265.291
265.292
265.293
265.294
265.295
265.296
265.297
265.298
265.299
265.302
265.303
265.304
266.290
266.291
266.292
266.293
266.294
266.295
266.296
266.297
266.298
266.299
266.302
266.303
266.304
267.290
267.291
267.292
267.293
267.294
267.295
267.296
267.297
267.298
267.299
267.302
267.303
268.289
268.290
268.291
268.292
268.293
268.294
268.295
268.296
268.297
268.298
268.299
268.301
268.302
268.303
269.289
269.290
269.291
269.292
269.293
269.294
269.295
269.296
269.297
269.298
269.299
269.301
269.302
269.303
270.289
270.290
270.291
270.292
270.293
270.294
270.295
270.296
270.297
270.298
270.299
270.301
270.302
271.289
271.290
271.291
271.292
271.293
271.294
271.295
271.296
271.297
271.298
271.299
271.301
271.302
272.289
272.290
272.291
272.292
272.293
272.294
272.295
272.296
272.297
272.298
272.299
272.300
272.301
272.302
273.289
273.290
273.291
273.292
273.293
273.294
273.295
273.296
273.297
273.298
273.299
273.300
273.301
273.302
274.287
274.289
274.290
274.291
274.292
274.293
274.294
274.295
274.296
274.297
274.298
274.299
274.300
274.301
275.287
275.289
275.290
275.291
275.292
275.293
275.294
275.295
275.296
275.297
275.298
275.299
275.300
275.301
276.287
276.289
276.290
276.291
276.292
276.293
276.294
276.295
276.296
276.297
276.298
276.299
276.300
276.301
277.286
277.287
277.289
277.290
277.291
277.292
277.293
277.294
277.295
277.296
277.297
277.298
277.299
277.300
278.286
278.287
278.289
278.290
278.291
278.292
278.293
278.294
278.295
278.296
278.297
278.298
278.299
278.300
279.286
279.287
279.289
279.290
279.291
279.292
279.293
279.294
279.295
279.296
279.297
279.298
279.299
279.300
280.286
280.287
280.289
280.290
280.291
280.292
280.293
280.294
280.295
280.296
280.297
280.298
280.299
280.300
281.285
281.286
281.287
281.288
281.289
281.290
281.291
281.292
281.293
281.294
281.295
281.296
281.297
281.298
281.299
282.285
282.286
282.287
282.288
282.289
282.290
282.291
282.292
282.293
282.294
282.295
282.296
282.297
282.298
282.299
283.285
283.286
283.287
283.288
283.289
283.290
283.291
283.292
283.293
283.294
283.295
283.296
283.297
283.298
283.299
284.284
284.285
284.286
284.287
284.288
284.289
284.290
284.291
284.292
284.293
284.294
284.295
284.296
284.297
284.298
284.299
285.284
285.285
285.286
285.287
285.288
285.289
285.290
285.291
285.292
285.293
285.294
285.295
285.296
285.297
285.298
286.284
286.285
286.286
286.287
286.288
286.289
286.290
286.291
286.292
286.293
286.294
286.295
286.296
286.297
286.298
287.283
287.284
287.285
287.286
287.287
287.288
287.289
287.290
287.291
287.292
287.293
287.294
287.295
287.296
287.297
287.298
288.283
288.284
288.285
288.286
288.287
288.288
288.289
288.290
288.291
288.292
288.293
288.294
288.295
288.296
288.297
288.298
289.283
289.284
289.285
289.286
289.287
289.288
289.289
289.290
289.291
289.292
289.293
289.294
289.295
289.296
289.297
290.282
290.283
290.284
290.285
290.286
290.287
290.288
290.289
290.290
290.291
290.292
290.293
290.294
290.295
290.296
290.297
291.282
291.283
291.284
291.285
291.286
291.287
291.288
291.289
291.290
291.291
291.292
291.293
291.294
291.295
291.296
291.297
292.282
292.283
292.284
292.285
292.286
292.287
292.288
292.289
292.290
292.291
292.292
292.293
292.294
292.295
292.296
292.297
293.281
293.282
293.283
293.284
293.285
293.286
293.287
293.288
293.289
293.290
293.291
293.292
293.293
293.294
293.295
293.296
294.281
294.282
294.283
294.284
294.285
294.286
294.287
294.288
294.289
294.290
294.291
294.292
294.293
294.294
294.295
294.296
295.281
295.282
295.283
295.284
295.285
295.286
295.287
295.288
295.289
295.290
295.291
295.292
295.293
295.294
295.295
295.296
296.280
296.281
296.282
296.283
296.284
296.285
296.286
296.287
296.288
296.289
296.290
296.291
296.292
296.293
296.294
296.295
296.296
297.280
297.281
297.282
297.283
297.284
297.285
297.286
297.287
297.288
297.289
297.290
297.291
297.292
297.293
297.294
297.295
298.280
298.281
298.282
298.283
298.284
298.285
298.286
298.287
298.288
298.289
298.290
298.291
298.292
298.293
298.294
298.295
299.279
299.280
299.281
299.282
299.283
299.284
299.285
299.286
299.287
299.288
299.289
299.290
299.291
299.292
299.293
299.294
299.295
300.279
300.280
300.281
300.282
300.283
300.284
300.285
300.286
300.287
300.288
300.289
300.290
300.291
300.292
300.293
300.294
300.295
301.279
301.280
301.281
301.282
301.283
301.284
301.285
301.286
301.287
301.288
301.289
301.290
301.291
301.292
301.293
301.294
302.278
302.279
302.280
302.281
302.282
302.283
302.284
302.285
302.286
302.287
302.288
302.289
302.290
302.291
302.292
302.293
302.294
303.278
303.279
303.280
303.281
303.282
303.283
303.284
303.285
303.286
303.287
303.288
303.289
303.290
303.291
303.292
303.293
303.294
304.278
304.279
304.280
304.281
304.282
304.283
304.284
304.285
304.286
304.287
304.288
304.289
304.290
304.291
304.292
304.293
304.294
305.277
305.278
305.279
305.280
305.281
305.282
305.283
305.284
305.285
305.286
305.287
305.288
305.289
305.290
305.291
305.292
305.293
306.277
306.278
306.279
306.280
306.281
306.282
306.283
306.284
306.285
306.286
306.287
306.288
306.289
306.290
306.291
306.292
306.293
307.277
307.278
307.279
307.280
307.281
307.282
307.283
307.284
307.285
307.286
307.287
307.288
307.289
307.290
307.291
307.292
307.293
308.276
308.277
308.278
308.279
308.280
308.281
308.282
308.283
308.284
308.285
308.286
308.287
308.288
308.289
308.290
308.291
308.292
308.293
309.276
309.277
309.278
309.279
309.280
309.281
309.282
309.283
309.284
309.285
309.286
309.287
309.288
309.289
309.290
309.291
309.292
309.293
310.276
310.277
310.278
310.279
310.280
310.281
310.282
310.283
310.284
310.285
310.286
310.287
310.288
310.289
310.290
310.291
310.292
311.276
311.277
311.278
311.279
311.280
311.281
311.282
311.283
311.284
311.285
311.286
311.287
311.288
311.289
311.290
311.291
311.292
312.276
312.277
312.278
312.279
312.280
312.281
312.282
312.283
312.284
312.285
312.286
312.287
312.288
312.289
312.290
312.291
312.292
313.276
313.277
313.278
313.279
313.280
313.281
313.282
313.283
313.284
313.285
313.286
313.287
313.288
313.289
313.290
313.291
314.276
314.277
314.278
314.279
314.280
314.281
314.282
314.283
314.284
314.285
314.286
314.287
314.288
314.289
314.290
314.291
315.276
315.277
315.278
315.279
315.280
315.281
315.282
315.283
315.284
315.285
315.286
315.287
315.288
315.289
315.290
315.291
316.276
316.277
316.278
316.279
316.280
316.281
316.282
316.283
316.284
316.285
316.286
316.287
316.288
316.289
316.290
316.291
317.276
317.277
317.278
317.279
317.280
317.281
317.282
317.283
317.284
317.285
317.286
317.287
317.288
317.289
317.290
318.276
318.277
318.278
318.279
318.280
318.281
318.282
318.283
318.284
318.285
318.286
318.287
318.288
318.289
318.290
319.276
319.277
319.278
319.279
319.280
319.281
319.282
319.283
319.284
319.285
319.286
319.287
319.288
319.289
319.290
320.276
320.277
320.278
320.279
320.280
320.281
320.282
320.283
320.284
320.285
320.286
320.287
320.288
320.289
320.290
321.276
321.277
321.278
321.279
321.280
321.281
321.282
321.283
321.284
321.285
321.286
321.287
321.288
321.289
322.276
322.277
322.278
322.279
322.280
322.281
322.282
322.283
322.284
322.285
322.286
322.287
322.288
322.289
323.276
323.277
323.278
323.279
323.280
323.281
323.282
323.283
323.284
323.285
323.286
323.287
323.288
323.289
324.276
324.277
324.278
324.279
324.280
324.281
324.282
324.283
324.284
324.285
324.286
324.287
324.288
324.289
325.276
325.277
325.278
325.279
325.280
325.281
325.282
325.283
325.284
325.285
325.286
325.287
325.288
326.276
326.277
326.278
326.279
326.280
326.281
326.282
326.283
326.284
326.285
326.286
326.287
326.288
327.276
327.277
327.278
327.279
327.280
327.281
327.282
327.283
327.284
327.285
327.286
327.287
327.288
328.276
328.277
328.278
328.279
328.280
328.281
328.282
328.283
328.284
328.285
328.286
328.287
329.276
329.277
329.278
329.279
329.280
329.281
329.282
329.283
329.284
329.285
329.286
329.287
330.276
330.277
330.278
330.279
330.280
330.281
330.282
330.283
330.284
330.285
330.286
330.287
331.276
331.277
331.278
331.279
331.280
331.281
331.282
331.283
331.284
331.285
331.286
331.287
332.276
332.277
332.278
332.279
332.280
332.281
332.282
332.283
332.284
332.285
332.286
333.276
333.277
333.278
333.279
333.280
333.281
333.282
333.283
333.284
333.285
333.286
334.276
334.277
334.278
334.279
334.280
334.281
334.282
334.283
334.284
334.285
334.286
335.276
335.277
335.278
335.279
335.280
335.281
335.282
335.283
335.284
335.285
335.286
336.276
336.277
336.278
336.279
336.280
336.281
336.282
336.283
336.284
336.285
337.276
337.277
337.278
337.279
337.280
337.281
337.282
337.283
337.284
337.285
338.276
338.277
338.278
338.279
338.280
338.281
338.282
338.283
338.284
338.285
339.276
339.277
339.278
339.279
339.280
339.281
339.282
339.283
339.284
339.285
340.276
340.277
340.278
340.279
340.280
340.281
340.282
340.283
340.284
341.276
341.277
341.278
341.279
341.280
341.281
341.282
341.283
341.284
342.276
342.277
342.278
342.279
342.280
342.281
342.282
342.283
342.284
343.276
343.277
343.278
343.279
343.280
343.281
343.282
343.283
344.276
344.277
344.278
344.279
344.280
344.281
344.282
344.283
345.276
345.277
345.278
345.279
345.280
345.281
345.282
345.283
346.276
346.277
346.278
346.279
346.280
346.281
346.282
346.283
347.276
347.277
347.278
347.279
347.280
347.281
347.282
348.276
348.277
348.278
348.279
348.280
348.281
348.282
349.276
349.277
349.278
349.279
349.280
349.281
349.282
350.276
350.277
350.278
350.279
350.280
350.281
351.276
351.277
351.278
351.279
351.280
351.281
352.276
352.277
352.278
352.279
352.280
352.281
353.276
353.277
353.278
353.279
353.280
353.281
354.276
354.277
354.278
354.279
354.280
355.276
355.277
355.278
355.279
355.280
356.276
356.277
356.278
356.279
356.280
357.276
357.277
357.278
357.279
358.276
358.277
358.278
358.279
359.276
359.277
359.278
359.279
360.276
360.277
360.278
360.279
361.276
361.277
361.278
362.276
362.277
362.278
363.276
363.277
363.278
364.276
364.277
365.276
365.277
366.276
366.277
367.276
368.276
