000.000
052.332
053.331
053.332
054.331
054.332
055.330
055.331
055.332
056.330
056.331
056.332
057.329
057.330
057.331
057.332
058.329
058.330
058.331
058.332
059.329
059.330
059.331
059.332
060.329
060.330
060.331
060.332
061.329
061.330
061.331
061.332
062.326
062.329
062.330
062.331
062.332
063.325
063.326
063.329
063.330
063.331
063.332
064.324
064.325
064.326
064.329
064.330
064.331
064.332
065.324
065.325
065.326
065.329
065.330
065.331
065.332
066.321
066.323
066.324
066.325
066.326
066.329
066.330
066.331
067.321
067.322
067.323
067.324
067.325
067.326
067.329
067.330
067.331
068.320
068.321
068.322
068.323
068.324
068.325
068.326
068.329
068.330
069.319
069.320
069.321
069.322
069.323
069.324
069.325
069.326
069.329
069.330
070.319
070.320
070.321
070.322
070.323
070.324
070.325
070.326
070.329
070.330
071.318
071.319
071.320
071.321
071.322
071.323
071.324
071.325
071.326
071.329
072.318
072.319
072.320
072.321
072.322
072.323
072.324
072.325
072.326
073.317
073.318
073.319
073.320
073.321
073.322
073.323
073.324
073.325
073.326
074.317
074.318
074.319
074.320
074.321
074.322
074.323
074.324
074.325
074.326
075.317
075.318
075.319
075.320
075.321
075.322
075.323
075.324
075.325
075.326
076.317
076.318
076.319
076.320
076.321
076.322
076.323
076.324
076.325
077.317
077.318
077.319
077.320
077.321
077.322
077.323
077.324
077.325
078.317
078.318
078.319
078.320
078.321
078.322
078.323
078.324
079.317
079.318
079.319
079.320
079.321
079.322
079.323
079.324
080.317
080.318
080.319
080.320
080.321
080.322
080.323
081.317
081.318
081.319
081.320
081.321
081.322
081.323
082.317
082.318
082.319
082.320
082.321
082.322
083.317
083.318
083.319
083.320
083.321
084.317
084.318
084.319
084.321
085.317
085.318
085.319
086.317
086.318
087.317
088.317
090.302
091.301
091.302
092.301
092.302
093.300
093.301
094.300
094.301
095.300
