174.294
175.294
176.293
176.294
177.293
177.294
178.292
178.293
178.294
179.292
179.293
179.294
180.291
180.292
180.293
180.294
181.291
181.292
181.293
181.294
182.291
182.292
182.293
182.294
183.290
183.291
183.292
183.293
183.294
184.290
184.292
184.293
184.294
185.289
185.290
185.292
185.293
185.294
186.289
186.290
186.292
186.293
186.294
187.288
187.289
187.290
187.292
187.293
187.294
188.288
188.289
188.290
188.292
188.293
189.288
189.289
189.290
189.292
189.293
190.287
190.288
190.289
190.290
190.292
190.293
191.287
191.288
191.289
191.290
191.292
192.285
192.286
192.287
192.288
192.289
192.290
192.292
193.285
193.286
193.287
193.288
193.289
193.290
194.284
194.285
194.286
194.287
194.288
194.289
194.290
195.284
195.285
195.286
195.287
195.288
195.289
195.290
196.284
196.285
196.286
196.287
196.288
196.289
196.290
197.283
197.284
197.285
197.286
197.287
197.288
197.289
197.290
198.283
198.284
198.285
198.286
198.287
198.288
198.289
199.282
199.283
199.284
199.285
199.286
199.287
199.288
199.289
200.282
200.283
200.284
200.285
200.286
200.287
200.288
200.289
201.281
201.282
201.283
201.284
201.285
201.286
201.287
201.288
202.281
202.282
202.283
202.284
202.285
202.286
202.287
202.288
203.280
203.281
203.282
203.283
203.284
203.285
203.286
203.287
204.280
204.281
204.282
204.283
204.284
204.285
204.286
204.287
205.279
205.280
205.281
205.282
205.283
205.284
205.285
205.286
205.287
206.279
206.280
206.281
206.282
206.283
206.284
206.285
206.286
207.278
207.279
207.280
207.281
207.282
207.283
207.284
207.285
207.286
208.278
208.279
208.280
208.281
208.282
208.283
208.284
208.285
209.277
209.278
209.279
209.280
209.281
209.282
209.283
209.284
209.285
210.277
210.278
210.279
210.280
210.281
210.282
210.283
210.284
211.276
211.277
211.278
211.279
211.280
211.281
211.282
211.283
211.284
212.276
212.277
212.278
212.279
212.280
212.281
212.282
212.283
212.284
213.275
213.276
213.277
213.278
213.279
213.280
213.281
213.282
213.283
214.275
214.276
214.277
214.278
214.279
214.280
214.281
214.282
214.283
215.274
215.275
215.276
215.277
215.278
215.279
215.280
215.281
215.282
216.274
216.275
216.276
216.277
216.278
216.279
216.280
216.281
216.282
217.273
217.274
217.275
217.276
217.277
217.278
217.279
217.280
217.281
218.273
218.274
218.275
218.276
218.277
218.278
218.279
218.280
218.281
219.272
219.273
219.274
219.275
219.276
219.277
219.278
219.279
219.280
220.272
220.273
220.274
220.275
220.276
220.277
220.278
220.279
220.280
221.271
221.272
221.273
221.274
221.275
221.276
221.277
221.278
221.279
222.271
222.272
222.273
222.274
222.275
222.276
222.277
222.278
222.279
223.270
223.271
223.272
223.273
223.274
223.275
223.276
223.277
223.278
224.270
224.271
224.272
224.273
224.274
224.275
224.276
224.277
224.278
225.269
225.270
225.271
225.272
225.273
225.274
225.275
225.276
225.277
226.269
226.270
226.271
226.272
226.273
226.274
226.275
226.276
226.277
227.268
227.269
227.270
227.271
227.272
227.273
227.274
227.275
227.276
227.277
228.268
228.269
228.270
228.271
228.272
228.273
228.274
228.275
228.276
229.267
229.268
229.269
229.270
229.271
229.272
229.273
229.274
229.275
229.276
230.267
230.268
230.269
230.270
230.271
230.272
230.273
230.274
230.275
231.266
231.267
231.268
231.269
231.270
231.271
231.272
231.273
231.274
231.275
232.266
232.267
232.268
232.269
232.270
232.271
232.272
232.273
232.274
233.265
233.266
233.267
233.268
233.269
233.270
233.271
233.272
233.273
234.265
234.266
234.267
234.268
234.269
234.270
234.271
234.272
234.273
235.264
235.265
235.266
235.267
235.268
235.269
235.270
235.271
235.272
236.263
236.264
236.265
236.266
236.267
236.268
236.269
236.270
236.271
236.272
237.263
237.264
237.265
237.266
237.267
237.268
237.269
237.270
237.271
237.278
238.262
238.263
238.264
238.265
238.266
238.267
238.268
238.269
238.270
238.271
238.278
239.262
239.263
239.264
239.265
239.266
239.267
239.268
239.269
239.270
239.277
239.278
240.261
240.263
240.264
240.265
240.266
240.267
240.268
240.269
240.270
240.277
240.278
241.261
241.262
241.263
241.264
241.265
241.266
241.267
241.268
241.269
241.270
241.276
241.277
241.278
242.260
242.262
242.263
242.264
242.265
242.266
242.267
242.268
242.269
242.276
242.277
242.278
243.261
243.262
243.263
243.264
243.265
243.266
243.267
243.268
243.269
243.275
243.276
243.277
243.278
244.259
244.260
244.261
244.262
244.263
244.264
244.265
244.266
244.267
244.268
244.269
244.274
244.275
244.276
244.277
244.278
245.258
245.259
245.260
245.261
245.262
245.263
245.264
245.265
245.266
245.267
245.268
245.269
245.274
245.275
245.276
245.277
245.278
246.258
246.259
246.260
246.261
246.262
246.263
246.264
246.265
246.266
246.267
246.268
246.269
246.273
246.274
246.275
246.276
246.277
246.278
247.257
247.258
247.259
247.260
247.261
247.262
247.263
247.264
247.265
247.266
247.267
247.268
247.269
247.273
247.274
247.275
247.276
247.277
247.278
248.258
248.259
248.260
248.261
248.262
248.263
248.264
248.265
248.266
248.267
248.268
248.269
248.272
248.273
248.274
248.275
248.276
248.277
248.278
249.257
249.258
249.259
249.260
249.261
249.262
249.263
249.264
249.265
249.266
249.267
249.268
249.269
249.272
249.273
249.274
249.275
249.276
249.277
249.278
250.257
250.258
250.259
250.260
250.261
250.262
250.263
250.264
250.265
250.266
250.267
250.268
250.269
250.271
250.272
250.273
250.274
250.275
250.276
250.277
251.256
251.257
251.258
251.259
251.260
251.261
251.262
251.263
251.264
251.265
251.266
251.267
251.268
251.269
251.271
251.272
251.273
251.274
251.275
251.276
251.277
252.256
252.257
252.258
252.259
252.260
252.261
252.262
252.263
252.264
252.265
252.266
252.267
252.268
252.269
252.271
252.272
252.273
252.274
252.275
252.276
253.255
253.256
253.257
253.258
253.259
253.260
253.261
253.262
253.263
253.264
253.265
253.266
253.267
253.268
253.269
253.270
253.271
253.272
253.273
253.274
253.275
253.276
254.254
254.255
254.256
254.257
254.258
254.259
254.260
254.261
254.262
254.263
254.264
254.265
254.266
254.267
254.268
254.269
254.270
254.271
254.272
254.273
254.274
254.275
254.276
255.254
255.255
255.256
255.257
255.258
255.259
255.260
255.261
255.262
255.263
255.264
255.265
255.266
255.267
255.268
255.269
255.270
255.271
255.272
255.273
255.274
255.275
256.253
256.254
256.255
256.256
256.257
256.258
256.259
256.260
256.261
256.262
256.263
256.264
256.265
256.266
256.267
256.268
256.269
256.270
256.271
256.272
256.273
256.274
256.275
257.252
257.253
257.254
257.255
257.256
257.257
257.258
257.259
257.260
257.261
257.262
257.263
257.264
257.265
257.266
257.267
257.268
257.269
257.270
257.271
257.272
257.273
257.274
257.275
258.252
258.253
258.254
258.255
258.256
258.257
258.258
258.259
258.260
258.261
258.262
258.263
258.264
258.265
258.266
258.267
258.268
258.269
258.270
258.271
258.272
258.273
258.274
258.275
259.251
259.252
259.253
259.254
259.255
259.256
259.257
259.258
259.259
259.260
259.261
259.262
259.263
259.264
259.265
259.266
259.267
259.268
259.269
259.270
259.271
259.272
259.273
259.274
259.275
260.249
260.251
260.252
260.253
260.254
260.255
260.256
260.257
260.258
260.259
260.260
260.261
260.262
260.263
260.264
260.265
260.266
260.267
260.268
260.269
260.270
260.271
260.272
260.273
260.274
260.275
261.250
261.251
261.252
261.253
261.254
261.255
261.256
261.257
261.258
261.259
261.260
261.261
261.262
261.263
261.264
261.265
261.266
261.267
261.268
261.269
261.270
261.271
261.272
261.273
261.274
261.275
262.250
262.251
262.252
262.253
262.254
262.255
262.256
262.257
262.258
262.259
262.260
262.261
262.262
262.263
262.264
262.265
262.266
262.267
262.268
262.269
262.270
262.271
262.272
262.273
262.274
262.275
263.249
263.250
263.251
263.252
263.253
263.254
263.255
263.256
263.257
263.258
263.259
263.260
263.261
263.262
263.263
263.264
263.265
263.266
263.267
263.268
263.269
263.270
263.271
263.272
263.273
263.274
263.275
264.249
264.250
264.251
264.252
264.253
264.254
264.255
264.256
264.257
264.258
264.259
264.260
264.261
264.262
264.263
264.264
264.265
264.266
264.267
264.268
264.269
264.270
264.271
264.272
264.273
264.274
264.275
265.248
265.249
265.250
265.251
265.252
265.253
265.254
265.255
265.256
265.257
265.258
265.259
265.260
265.261
265.262
265.263
265.264
265.265
265.266
265.267
265.268
265.269
265.270
265.271
265.272
265.273
265.274
265.275
266.247
266.248
266.249
266.250
266.251
266.252
266.253
266.254
266.255
266.256
266.257
266.258
266.259
266.260
266.261
266.262
266.263
266.264
266.265
266.266
266.267
266.268
266.269
266.270
266.271
266.272
266.273
266.274
266.275
267.246
267.247
267.248
267.249
267.250
267.251
267.252
267.253
267.254
267.255
267.256
267.257
267.258
267.259
267.260
267.261
267.262
267.263
267.264
267.265
267.266
267.267
267.268
267.269
267.270
267.271
267.272
267.273
267.274
267.275
268.246
268.247
268.248
268.249
268.250
268.251
268.252
268.253
268.254
268.255
268.256
268.257
268.258
268.259
268.260
268.261
268.262
268.263
268.264
268.265
268.266
268.267
268.268
268.269
268.270
268.271
268.272
268.273
268.274
268.275
269.245
269.246
269.247
269.248
269.249
269.250
269.251
269.252
269.253
269.254
269.255
269.256
269.257
269.258
269.259
269.260
269.261
269.262
269.263
269.264
269.265
269.266
269.267
269.268
269.269
269.270
269.271
269.272
269.273
269.274
269.275
270.244
270.245
270.246
270.247
270.248
270.249
270.250
270.251
270.252
270.253
270.254
270.255
270.256
270.257
270.258
270.259
270.260
270.261
270.262
270.263
270.264
270.265
270.266
270.267
270.268
270.269
270.270
270.271
270.272
270.273
270.274
270.275
271.244
271.245
271.246
271.247
271.248
271.249
271.250
271.251
271.252
271.253
271.254
271.255
271.256
271.257
271.258
271.259
271.260
271.261
271.262
271.263
271.264
271.265
271.266
271.267
271.268
271.269
271.270
271.271
271.272
271.273
271.274
271.275
272.243
272.244
272.245
272.246
272.247
272.248
272.249
272.250
272.251
272.252
272.253
272.254
272.255
272.256
272.257
272.258
272.259
272.260
272.261
272.262
272.263
272.264
272.265
272.266
272.267
272.268
272.269
272.270
272.271
272.272
272.273
272.274
272.275
273.242
273.243
273.244
273.245
273.246
273.247
273.248
273.249
273.250
273.251
273.252
273.253
273.254
273.255
273.256
273.257
273.258
273.259
273.260
273.261
273.262
273.263
273.264
273.265
273.266
273.267
273.268
273.269
273.270
273.271
273.272
273.273
273.274
274.241
274.242
274.243
274.244
274.245
274.246
274.247
274.248
274.249
274.250
274.251
274.252
274.253
274.254
274.255
274.256
274.257
274.258
274.259
274.260
274.261
274.262
274.263
274.264
274.265
274.266
274.267
274.268
274.269
274.270
274.271
274.272
274.273
275.241
275.242
275.243
275.244
275.245
275.246
275.247
275.248
275.249
275.250
275.251
275.252
275.253
275.254
275.255
275.256
275.257
275.258
275.259
275.260
275.261
275.262
275.263
275.264
275.265
275.266
275.267
275.268
275.269
275.270
275.271
275.272
276.240
276.241
276.242
276.243
276.244
276.245
276.246
276.247
276.248
276.249
276.250
276.251
276.252
276.253
276.254
276.255
276.256
276.257
276.258
276.259
276.260
276.261
276.262
276.263
276.264
276.265
276.266
276.267
276.268
276.269
276.270
276.271
276.272
277.240
277.241
277.242
277.243
277.244
277.245
277.246
277.247
277.248
277.249
277.250
277.251
277.252
277.253
277.254
277.255
277.256
277.257
277.258
277.259
277.260
277.261
277.262
277.263
277.264
277.265
277.266
277.267
277.268
277.269
277.270
277.271
278.239
278.240
278.241
278.242
278.243
278.244
278.245
278.246
278.247
278.248
278.249
278.250
278.251
278.252
278.253
278.254
278.255
278.256
278.257
278.258
278.259
278.260
278.261
278.262
278.263
278.264
278.265
278.266
278.267
278.268
278.269
278.270
278.271
279.239
279.240
279.241
279.242
279.243
279.244
279.245
279.246
279.247
279.248
279.249
279.250
279.251
279.252
279.253
279.254
279.255
279.256
279.257
279.258
279.259
279.260
279.261
279.262
279.263
279.264
279.265
279.266
279.267
279.268
279.269
279.270
280.238
280.239
280.240
280.241
280.242
280.243
280.244
280.245
280.246
280.247
280.248
280.249
280.250
280.251
280.252
280.253
280.254
280.255
280.256
280.257
280.258
280.259
280.260
280.261
280.262
280.263
280.264
280.265
280.266
280.267
280.268
280.269
280.270
281.238
281.239
281.240
281.241
281.242
281.243
281.244
281.245
281.246
281.247
281.248
281.249
281.250
281.251
281.252
281.253
281.254
281.255
281.256
281.257
281.258
281.259
281.260
281.261
281.262
281.263
281.264
281.265
281.266
281.267
281.268
281.269
281.270
282.238
282.239
282.240
282.241
282.242
282.243
282.244
282.245
282.246
282.247
282.248
282.249
282.250
282.251
282.252
282.253
282.254
282.255
282.256
282.257
282.258
282.259
282.260
282.261
282.262
282.263
282.264
282.265
282.266
282.267
282.268
282.269
282.270
283.238
283.239
283.240
283.241
283.242
283.243
283.244
283.245
283.246
283.247
283.248
283.249
283.250
283.251
283.252
283.253
283.254
283.255
283.256
283.257
283.258
283.259
283.260
283.261
283.262
283.263
283.264
283.265
283.266
283.267
283.268
283.269
283.270
284.238
284.239
284.240
284.241
284.242
284.243
284.244
284.245
284.246
284.247
284.248
284.249
284.250
284.251
284.252
284.253
284.254
284.255
284.256
284.257
284.258
284.259
284.260
284.261
284.262
284.263
284.264
284.265
284.266
284.267
284.268
284.269
284.270
285.238
285.239
285.240
285.241
285.242
285.243
285.244
285.245
285.246
285.247
285.248
285.249
285.250
285.251
285.252
285.253
285.254
285.255
285.256
285.257
285.258
285.259
285.260
285.261
285.262
285.263
285.264
285.265
285.266
285.267
285.268
285.269
285.270
286.238
286.239
286.240
286.241
286.242
286.243
286.244
286.245
286.246
286.247
286.248
286.249
286.250
286.251
286.252
286.253
286.254
286.255
286.256
286.257
286.258
286.259
286.260
286.261
286.262
286.263
286.264
286.265
286.266
286.267
286.268
286.269
286.270
287.238
287.239
287.240
287.241
287.242
287.243
287.244
287.245
287.246
287.247
287.248
287.249
287.250
287.251
287.252
287.253
287.254
287.255
287.256
287.257
287.258
287.259
287.260
287.261
287.262
287.263
287.264
287.265
287.266
287.267
287.268
287.269
287.270
288.238
288.239
288.240
288.241
288.242
288.243
288.244
288.245
288.246
288.247
288.248
288.249
288.250
288.251
288.252
288.253
288.254
288.255
288.256
288.257
288.258
288.259
288.260
288.261
288.262
288.263
288.264
288.265
288.266
288.267
288.268
288.269
288.270
289.238
289.239
289.240
289.241
289.242
289.243
289.244
289.245
289.246
289.247
289.248
289.249
289.250
289.251
289.252
289.253
289.254
289.255
289.256
289.257
289.258
289.259
289.260
289.261
289.262
289.263
289.264
289.265
289.266
289.267
289.268
289.269
289.270
290.238
290.239
290.240
290.241
290.242
290.243
290.244
290.245
290.246
290.247
290.248
290.249
290.250
290.251
290.252
290.253
290.254
290.255
290.256
290.257
290.258
290.259
290.260
290.261
290.262
290.263
290.264
290.265
290.266
290.267
290.268
290.269
290.270
290.271
291.238
291.239
291.240
291.241
291.242
291.243
291.244
291.245
291.246
291.247
291.248
291.249
291.250
291.251
291.252
291.253
291.254
291.255
291.256
291.257
291.258
291.259
291.260
291.261
291.262
291.263
291.264
291.265
291.266
291.267
291.268
291.269
291.270
292.238
292.239
292.240
292.241
292.242
292.243
292.244
292.245
292.246
292.247
292.248
292.249
292.250
292.251
292.252
292.253
292.254
292.255
292.256
292.257
292.258
292.259
292.260
292.261
292.262
292.263
292.264
292.265
292.266
292.267
292.268
292.269
292.270
293.238
293.239
293.240
293.241
293.242
293.243
293.244
293.245
293.246
293.247
293.248
293.249
293.250
293.251
293.252
293.253
293.254
293.255
293.256
293.257
293.258
293.259
293.260
293.261
293.262
293.263
293.264
293.265
293.266
293.267
293.268
293.269
294.238
294.239
294.240
294.241
294.242
294.243
294.244
294.245
294.246
294.247
294.248
294.249
294.250
294.251
294.252
294.253
294.254
294.255
294.256
294.257
294.258
294.259
294.260
294.261
294.262
294.263
294.264
294.265
294.266
294.267
294.268
294.269
295.238
295.239
295.240
295.241
295.242
295.243
295.244
295.245
295.246
295.247
295.248
295.249
295.250
295.251
295.252
295.253
295.254
295.255
295.256
295.257
295.258
295.259
295.260
295.261
295.262
295.263
295.264
295.265
295.266
295.267
295.268
295.269
296.238
296.239
296.240
296.241
296.242
296.243
296.244
296.245
296.246
296.247
296.248
296.249
296.250
296.251
296.252
296.253
296.254
296.255
296.256
296.257
296.258
296.259
296.260
296.261
296.262
296.263
296.264
296.265
296.266
296.267
296.268
297.238
297.239
297.240
297.241
297.242
297.243
297.244
297.245
297.246
297.247
297.248
297.249
297.250
297.251
297.252
297.253
297.254
297.255
297.256
297.257
297.258
297.259
297.260
297.261
297.262
297.263
297.264
297.265
297.266
297.267
297.268
298.238
298.239
298.240
298.241
298.242
298.243
298.244
298.245
298.246
298.247
298.248
298.249
298.250
298.251
298.252
298.253
298.254
298.255
298.256
298.257
298.258
298.259
298.260
298.261
298.262
298.263
298.264
298.265
298.266
298.267
299.238
299.239
299.240
299.241
299.242
299.243
299.244
299.245
299.246
299.247
299.248
299.249
299.250
299.251
299.252
299.253
299.254
299.255
299.256
299.257
299.258
299.259
299.260
299.261
299.262
299.263
299.264
299.265
299.266
299.267
300.238
300.239
300.240
300.241
300.242
300.243
300.244
300.245
300.246
300.247
300.248
300.249
300.250
300.251
300.252
300.253
300.254
300.255
300.256
300.257
300.258
300.259
300.260
300.261
300.262
300.263
300.264
300.265
300.266
300.267
301.238
301.239
301.240
301.241
301.242
301.243
301.244
301.245
301.246
301.247
301.248
301.249
301.250
301.251
301.252
301.253
301.254
301.255
301.256
301.257
301.258
301.259
301.260
301.261
301.262
301.263
301.264
301.265
301.266
302.238
302.239
302.240
302.241
302.242
302.243
302.244
302.245
302.246
302.247
302.248
302.249
302.250
302.251
302.252
302.253
302.254
302.255
302.256
302.257
302.258
302.259
302.260
302.261
302.262
302.263
302.264
302.265
302.266
303.238
303.239
303.240
303.241
303.242
303.243
303.244
303.245
303.246
303.247
303.248
303.249
303.250
303.251
303.252
303.253
303.254
303.255
303.256
303.257
303.258
303.259
303.260
303.261
303.262
303.263
303.264
303.265
304.238
304.239
304.240
304.241
304.242
304.243
304.244
304.245
304.246
304.247
304.248
304.249
304.250
304.251
304.252
304.253
304.254
304.255
304.256
304.257
304.258
304.259
304.260
304.261
304.262
304.263
304.264
304.265
305.238
305.239
305.240
305.241
305.242
305.243
305.244
305.245
305.246
305.247
305.248
305.249
305.250
305.251
305.252
305.253
305.254
305.255
305.256
305.257
305.258
305.259
305.260
305.261
305.262
305.263
305.264
306.238
306.239
306.240
306.241
306.242
306.243
306.244
306.245
306.246
306.247
306.248
306.249
306.250
306.251
306.252
306.253
306.254
306.255
306.256
306.257
306.258
306.259
306.260
306.261
306.262
306.263
306.264
307.238
307.239
307.240
307.241
307.242
307.243
307.244
307.245
307.246
307.247
307.248
307.249
307.250
307.251
307.252
307.253
307.254
307.255
307.256
307.257
307.258
307.259
307.260
307.261
307.262
307.263
308.238
308.239
308.240
308.241
308.242
308.243
308.244
308.245
308.246
308.247
308.248
308.249
308.250
308.251
308.252
308.253
308.254
308.255
308.257
308.258
308.259
308.260
308.261
308.262
308.263
309.238
309.239
309.240
309.241
309.242
309.243
309.244
309.245
309.246
309.247
309.248
309.249
309.250
309.251
309.252
309.253
309.254
309.255
309.257
309.258
309.259
309.260
309.261
309.262
309.263
310.238
310.239
310.240
310.241
310.242
310.243
310.244
310.245
310.246
310.247
310.248
310.249
310.250
310.251
310.252
310.253
310.254
310.255
310.257
310.258
310.259
310.260
310.261
310.262
311.238
311.239
311.240
311.241
311.242
311.243
311.244
311.245
311.246
311.247
311.248
311.249
311.250
311.251
311.252
311.253
311.254
311.255
311.257
311.258
311.259
311.260
311.261
312.238
312.239
312.240
312.241
312.242
312.243
312.244
312.245
312.246
312.247
312.248
312.249
312.250
312.251
312.252
312.253
312.254
312.255
312.257
312.258
312.259
312.260
312.261
313.238
313.239
313.240
313.241
313.242
313.243
313.244
313.245
313.246
313.247
313.248
313.249
313.250
313.251
313.252
313.253
313.254
313.255
313.257
313.258
313.259
314.238
314.239
314.240
314.241
314.242
314.243
314.244
314.245
314.246
314.247
314.248
314.249
314.250
314.251
314.252
314.253
314.254
314.255
314.257
314.258
314.259
315.238
315.239
315.240
315.241
315.242
315.243
315.244
315.245
315.246
315.247
315.248
315.249
315.250
315.251
315.252
315.253
315.254
315.255
315.257
315.258
315.259
316.238
316.239
316.240
316.241
316.242
316.243
316.244
316.245
316.246
316.247
316.248
316.249
316.250
316.251
316.252
316.253
316.254
316.255
316.257
316.258
317.238
317.239
317.240
317.241
317.242
317.243
317.244
317.245
317.246
317.247
317.248
317.249
317.250
317.251
317.252
317.253
317.254
317.255
317.257
318.238
318.239
318.240
318.241
318.242
318.243
318.244
318.245
318.246
318.247
318.248
318.249
318.250
318.251
318.252
318.253
318.254
318.255
318.257
319.238
319.239
319.240
319.241
319.242
319.243
319.244
319.245
319.246
319.247
319.248
319.249
319.250
319.251
319.252
319.253
319.254
319.255
320.238
320.239
320.240
320.241
320.242
320.243
320.244
320.245
320.246
320.247
320.248
320.249
320.250
320.251
320.252
320.253
320.254
320.255
321.238
321.239
321.240
321.241
321.242
321.243
321.244
321.245
321.246
321.247
321.248
321.249
321.250
321.251
321.252
321.253
321.254
321.255
322.238
322.239
322.240
322.241
322.242
322.243
322.244
322.245
322.246
322.247
322.248
322.249
322.250
322.251
322.252
322.253
322.254
323.238
323.239
323.240
323.241
323.242
323.243
323.244
323.245
323.246
323.247
323.248
323.249
323.250
323.251
323.252
323.253
323.254
324.238
324.239
324.240
324.241
324.242
324.243
324.244
324.245
324.246
324.247
324.248
324.249
324.250
324.251
324.252
324.253
325.238
325.239
325.240
325.241
325.242
325.243
325.244
325.245
325.246
325.247
325.248
325.249
325.250
325.251
325.252
325.253
326.238
326.239
326.240
326.241
326.242
326.243
326.244
326.245
326.246
326.247
326.248
326.249
326.250
326.251
326.252
327.238
327.239
327.240
327.241
327.242
327.243
327.244
327.245
327.246
327.247
327.248
327.249
327.250
327.251
327.252
328.238
328.239
328.240
328.241
328.242
328.243
328.244
328.245
328.246
328.247
328.248
328.249
328.250
328.251
329.238
329.239
329.240
329.241
329.242
329.243
329.244
329.245
329.246
329.247
329.248
329.249
329.250
329.251
330.238
330.239
330.240
330.241
330.242
330.243
330.244
330.245
330.246
330.247
330.248
330.249
330.250
331.238
331.239
331.240
331.241
331.242
331.243
331.244
331.245
331.246
331.247
331.248
331.249
331.250
332.238
332.239
332.240
332.241
332.242
332.243
332.244
332.245
332.246
332.247
332.248
332.249
333.238
333.239
333.240
333.241
333.242
333.243
333.244
333.245
333.246
333.247
333.248
333.249
334.238
334.239
334.240
334.241
334.242
334.243
334.244
334.245
334.246
334.247
334.248
335.238
335.239
335.240
335.241
335.242
335.243
335.244
335.245
335.246
335.247
336.238
336.239
336.240
336.241
336.242
336.243
336.244
336.245
336.246
336.247
337.238
337.239
337.240
337.241
337.242
337.243
337.244
337.245
337.246
338.238
338.239
338.240
338.241
338.242
338.243
338.244
338.245
339.238
339.239
339.240
339.241
339.242
339.243
339.244
339.245
340.238
340.239
340.240
340.241
340.242
340.243
340.244
340.245
341.238
341.239
341.240
341.241
341.242
341.243
341.244
341.245
342.238
342.239
342.240
342.241
342.242
342.243
342.244
342.245
343.238
343.239
343.240
343.241
343.242
343.243
343.244
343.245
343.250
344.238
344.239
344.240
344.241
344.242
344.243
344.244
344.245
344.250
345.238
345.239
345.240
345.241
345.242
345.243
345.244
345.245
345.249
345.250
346.238
346.239
346.240
346.241
346.242
346.243
346.244
346.245
346.248
346.249
346.250
347.238
347.239
347.240
347.241
347.242
347.243
347.244
347.245
347.247
347.248
347.249
347.250
348.239
348.240
348.241
348.242
348.243
348.244
348.245
348.246
348.247
348.248
348.249
348.250
349.239
349.240
349.241
349.242
349.243
349.244
349.245
349.246
349.247
349.248
349.249
349.250
350.239
350.240
350.241
350.242
350.243
350.244
350.245
350.246
350.247
350.248
350.249
350.250
351.239
351.240
351.241
351.242
351.243
351.244
351.245
351.246
351.247
351.248
351.249
351.250
352.239
352.240
352.241
352.242
352.243
352.244
352.245
352.246
352.247
352.248
352.249
352.250
353.239
353.240
353.241
353.242
353.243
353.244
353.245
353.246
353.247
353.248
353.249
353.250
354.239
354.240
354.241
354.242
354.243
354.244
354.245
354.246
354.247
354.248
354.249
354.250
355.239
355.240
355.241
355.242
355.243
355.244
355.245
355.246
355.247
355.248
355.249
355.250
356.239
356.240
356.241
356.242
356.243
356.244
356.245
356.246
356.247
356.248
356.249
356.250
357.239
357.240
357.241
357.242
357.243
357.244
357.245
357.246
357.247
357.248
357.249
357.250
358.239
358.240
358.241
358.242
358.243
358.244
358.245
358.246
358.247
358.248
358.249
359.239
359.240
359.241
359.242
359.243
359.244
359.245
359.246
359.247
359.248
359.249
360.239
360.240
360.241
360.242
360.243
360.244
360.245
360.246
360.247
360.248
361.239
361.240
361.241
361.242
361.243
361.244
361.245
361.246
361.247
361.248
362.238
362.239
362.240
362.241
362.242
362.243
362.244
362.245
362.246
362.247
363.238
363.239
363.240
363.241
363.242
363.243
363.244
363.245
363.246
363.247
364.238
364.239
364.240
364.241
364.242
364.243
364.244
364.245
364.246
365.238
365.239
365.240
365.241
365.242
365.243
365.244
365.245
366.238
366.239
366.240
366.241
366.242
366.243
366.244
366.245
367.238
367.239
367.240
367.241
367.242
367.243
367.244
368.238
368.239
368.240
368.241
368.242
368.243
368.244
369.238
369.239
369.240
369.241
369.242
369.243
370.238
370.239
370.240
370.241
370.242
371.238
371.239
371.240
371.241
372.238
372.239
372.240
372.241
373.238
373.239
373.240
374.238
374.239
374.240
375.238
375.239
376.238
